                  0.0000000000                      -0.5889867505
                  1.0000000000                      -0.5948579778
                  2.0000000000                      -0.5998425617
                  3.0000000000                      -0.6047861233
                  4.0000000000                      -0.6097293830
                  5.0000000000                      -0.6146455445
                  6.0000000000                      -0.6195373093
                  7.0000000000                      -0.6244047088
                  8.0000000000                      -0.6292474475
                  9.0000000000                      -0.6340653438
                 10.0000000000                      -0.6388582087
                 11.0000000000                      -0.6436258525
                 12.0000000000                      -0.6483680871
                 13.0000000000                      -0.6530847252
                 14.0000000000                      -0.6577755806
                 15.0000000000                      -0.6624404682
                 16.0000000000                      -0.6670792038
                 17.0000000000                      -0.6716916042
                 18.0000000000                      -0.6762774874
                 19.0000000000                      -0.6808366723
                 20.0000000000                      -0.6853689789
                 21.0000000000                      -0.6898742284
                 22.0000000000                      -0.6943522427
                 23.0000000000                      -0.6988028453
                 24.0000000000                      -0.7032258603
                 25.0000000000                      -0.7076211131
                 26.0000000000                      -0.7119884303
                 27.0000000000                      -0.7163276394
                 28.0000000000                      -0.7206385691
                 29.0000000000                      -0.7249210492
                 30.0000000000                      -0.7291749107
                 31.0000000000                      -0.7333999856
                 32.0000000000                      -0.7375961072
                 33.0000000000                      -0.7417631097
                 34.0000000000                      -0.7459008286
                 35.0000000000                      -0.7500091007
                 36.0000000000                      -0.7540877637
                 37.0000000000                      -0.7581366565
                 38.0000000000                      -0.7621556195
                 39.0000000000                      -0.7661444939
                 40.0000000000                      -0.7701031221
                 41.0000000000                      -0.7740313481
                 42.0000000000                      -0.7779290165
                 43.0000000000                      -0.7817959737
                 44.0000000000                      -0.7856320669
                 45.0000000000                      -0.7894371448
                 46.0000000000                      -0.7932110569
                 47.0000000000                      -0.7969536545
                 48.0000000000                      -0.8006647897
                 49.0000000000                      -0.8043443160
                 50.0000000000                      -0.8079920882
                 51.0000000000                      -0.8116079622
                 52.0000000000                      -0.8151917953
                 53.0000000000                      -0.8187434461
                 54.0000000000                      -0.8222627743
                 55.0000000000                      -0.8257496409
                 56.0000000000                      -0.8292039084
                 57.0000000000                      -0.8326254403
                 58.0000000000                      -0.8360141015
                 59.0000000000                      -0.8393697584
                 60.0000000000                      -0.8426922784
                 61.0000000000                      -0.8459815303
                 62.0000000000                      -0.8492373844
                 63.0000000000                      -0.8524597120
                 64.0000000000                      -0.8556483859
                 65.0000000000                      -0.8588032803
                 66.0000000000                      -0.8619242706
                 67.0000000000                      -0.8650112336
                 68.0000000000                      -0.8680640475
                 69.0000000000                      -0.8710825917
                 70.0000000000                      -0.8740667470
                 71.0000000000                      -0.8770163957
                 72.0000000000                      -0.8799314212
                 73.0000000000                      -0.8828117086
                 74.0000000000                      -0.8856571441
                 75.0000000000                      -0.8884676153
                 76.0000000000                      -0.8912430114
                 77.0000000000                      -0.8939832227
                 78.0000000000                      -0.8966881411
                 79.0000000000                      -0.8993576597
                 80.0000000000                      -0.9019916733
                 81.0000000000                      -0.9045900778
                 82.0000000000                      -0.9071527706
                 83.0000000000                      -0.9096796505
                 84.0000000000                      -0.9121706179
                 85.0000000000                      -0.9146255743
                 86.0000000000                      -0.9170444229
                 87.0000000000                      -0.9194270682
                 88.0000000000                      -0.9217734160
                 89.0000000000                      -0.9240833738
                 90.0000000000                      -0.9263568503
                 91.0000000000                      -0.9285937559
                 92.0000000000                      -0.9307940022
                 93.0000000000                      -0.9329575023
                 94.0000000000                      -0.9350841709
                 95.0000000000                      -0.9371739239
                 96.0000000000                      -0.9392266789
                 97.0000000000                      -0.9412423548
                 98.0000000000                      -0.9432208721
                 99.0000000000                      -0.9451621527
                100.0000000000                      -0.9470661199
                101.0000000000                      -0.9489326985
                102.0000000000                      -0.9507618149
                103.0000000000                      -0.9525533968
                104.0000000000                      -0.9543073736
                105.0000000000                      -0.9560236759
                106.0000000000                      -0.9577022361
                107.0000000000                      -0.9593429878
                108.0000000000                      -0.9609458662
                109.0000000000                      -0.9625108082
                110.0000000000                      -0.9640377519
                111.0000000000                      -0.9655266371
                112.0000000000                      -0.9669774049
                113.0000000000                      -0.9683899981
                114.0000000000                      -0.9697643609
                115.0000000000                      -0.9711004390
                116.0000000000                      -0.9723981798
                117.0000000000                      -0.9736575320
                118.0000000000                      -0.9748784458
                119.0000000000                      -0.9760608731
                120.0000000000                      -0.9772047672
                121.0000000000                      -0.9783100829
                122.0000000000                      -0.9793767766
                123.0000000000                      -0.9804048062
                124.0000000000                      -0.9813941310
                125.0000000000                      -0.9823447122
                126.0000000000                      -0.9832565120
                127.0000000000                      -0.9841294945
                128.0000000000                      -0.9849636253
                129.0000000000                      -0.9857588714
                130.0000000000                      -0.9865152015
                131.0000000000                      -0.9872325856
                132.0000000000                      -0.9879109954
                133.0000000000                      -0.9885504042
                134.0000000000                      -0.9891507867
                135.0000000000                      -0.9897121193
                136.0000000000                      -0.9902343797
                137.0000000000                      -0.9907175473
                138.0000000000                      -0.9911616032
                139.0000000000                      -0.9915665296
                140.0000000000                      -0.9919323107
                141.0000000000                      -0.9922589320
                142.0000000000                      -0.9925463806
                143.0000000000                      -0.9927946452
                144.0000000000                      -0.9930037160
                145.0000000000                      -0.9931735846
                146.0000000000                      -0.9933042445
                147.0000000000                      -0.9933956904
                148.0000000000                      -0.9934479188
                149.0000000000                      -0.9934609275
                150.0000000000                      -0.9934347161
                151.0000000000                      -0.9933692855
                152.0000000000                      -0.9932646385
                153.0000000000                      -0.9931207791
                154.0000000000                      -0.9929377130
                155.0000000000                      -0.9927154473
                156.0000000000                      -0.9924539910
                157.0000000000                      -0.9921533543
                158.0000000000                      -0.9918135491
                159.0000000000                      -0.9914345887
                160.0000000000                      -0.9910164882
                161.0000000000                      -0.9905592641
                162.0000000000                      -0.9900629344
                163.0000000000                      -0.9895275187
                164.0000000000                      -0.9889530382
                165.0000000000                      -0.9883395155
                166.0000000000                      -0.9876869748
                167.0000000000                      -0.9869954419
                168.0000000000                      -0.9862649442
                169.0000000000                      -0.9854955104
                170.0000000000                      -0.9846871709
                171.0000000000                      -0.9838399576
                172.0000000000                      -0.9829539041
                173.0000000000                      -0.9820290451
                174.0000000000                      -0.9810654174
                175.0000000000                      -0.9800630589
                176.0000000000                      -0.9790220091
                177.0000000000                      -0.9779423093
                178.0000000000                      -0.9768240019
                179.0000000000                      -0.9756671313
                180.0000000000                      -0.9744717429
                181.0000000000                      -0.9732378841
                182.0000000000                      -0.9719656035
                183.0000000000                      -0.9706549513
                184.0000000000                      -0.9693059794
                185.0000000000                      -0.9679187409
                186.0000000000                      -0.9664932907
                187.0000000000                      -0.9650296849
                188.0000000000                      -0.9635279814
                189.0000000000                      -0.9619882395
                190.0000000000                      -0.9604105199
                191.0000000000                      -0.9587948850
                192.0000000000                      -0.9571413985
                193.0000000000                      -0.9554501257
                194.0000000000                      -0.9537211333
                195.0000000000                      -0.9519544897
                196.0000000000                      -0.9501502645
                197.0000000000                      -0.9483085290
                198.0000000000                      -0.9464293559
                199.0000000000                      -0.9445128194
                200.0000000000                      -0.9425589952
                201.0000000000                      -0.9405679603
                202.0000000000                      -0.9385397935
                203.0000000000                      -0.9364745746
                204.0000000000                      -0.9343723854
                205.0000000000                      -0.9322333088
                206.0000000000                      -0.9300574291
                207.0000000000                      -0.9278448324
                208.0000000000                      -0.9255956060
                209.0000000000                      -0.9233098386
                210.0000000000                      -0.9209876205
                211.0000000000                      -0.9186290434
                212.0000000000                      -0.9162342005
                213.0000000000                      -0.9138031861
                214.0000000000                      -0.9113360964
                215.0000000000                      -0.9088330287
                216.0000000000                      -0.9062940818
                217.0000000000                      -0.9037193559
                218.0000000000                      -0.9011089528
                219.0000000000                      -0.8984629754
                220.0000000000                      -0.8957815283
                221.0000000000                      -0.8930647172
                222.0000000000                      -0.8903126494
                223.0000000000                      -0.8875254337
                224.0000000000                      -0.8847031799
                225.0000000000                      -0.8818459996
                226.0000000000                      -0.8789540055
                227.0000000000                      -0.8760273118
                228.0000000000                      -0.8730660341
                229.0000000000                      -0.8700702892
                230.0000000000                      -0.8670401954
                231.0000000000                      -0.8639758723
                232.0000000000                      -0.8608774409
                233.0000000000                      -0.8577450236
                234.0000000000                      -0.8545787440
                235.0000000000                      -0.8513787271
                236.0000000000                      -0.8481450992
                237.0000000000                      -0.8448779879
                238.0000000000                      -0.8415775224
                239.0000000000                      -0.8382438328
                240.0000000000                      -0.8348770507
                241.0000000000                      -0.8314773092
                242.0000000000                      -0.8280447423
                243.0000000000                      -0.8245794857
                244.0000000000                      -0.8210816760
                245.0000000000                      -0.8175514515
                246.0000000000                      -0.8139889514
                247.0000000000                      -0.8103943164
                248.0000000000                      -0.8067676885
                249.0000000000                      -0.8031092107
                250.0000000000                      -0.7994190276
                251.0000000000                      -0.7956972848
                252.0000000000                      -0.7919441292
                253.0000000000                      -0.7881597090
                254.0000000000                      -0.7843441736
                255.0000000000                      -0.7804976736
                256.0000000000                      -0.7766203610
                257.0000000000                      -0.7727123886
                258.0000000000                      -0.7687739110
                259.0000000000                      -0.7648050834
                260.0000000000                      -0.7608060626
                261.0000000000                      -0.7567770065
                262.0000000000                      -0.7527180742
                263.0000000000                      -0.7486294258
                264.0000000000                      -0.7445112229
                265.0000000000                      -0.7403636279
                266.0000000000                      -0.7361868046
                267.0000000000                      -0.7319809179
                268.0000000000                      -0.7277461338
                269.0000000000                      -0.7234826196
                270.0000000000                      -0.7191905435
                271.0000000000                      -0.7148700751
                272.0000000000                      -0.7105213847
                273.0000000000                      -0.7061446442
                274.0000000000                      -0.7017400263
                275.0000000000                      -0.6973077049
                276.0000000000                      -0.6928478550
                277.0000000000                      -0.6883606527
                278.0000000000                      -0.6838462750
                279.0000000000                      -0.6793049003
                280.0000000000                      -0.6747367078
                281.0000000000                      -0.6701418778
                282.0000000000                      -0.6655205918
                283.0000000000                      -0.6608730321
                284.0000000000                      -0.6561993823
                285.0000000000                      -0.6514998269
                286.0000000000                      -0.6467745514
                287.0000000000                      -0.6420237423
                288.0000000000                      -0.6372475873
                289.0000000000                      -0.6324462748
                290.0000000000                      -0.6276199943
                291.0000000000                      -0.6227689366
                292.0000000000                      -0.6178932929
                293.0000000000                      -0.6129932559
                294.0000000000                      -0.6080690190
                295.0000000000                      -0.6031207766
                296.0000000000                      -0.5981487240
                297.0000000000                      -0.5931530574
                298.0000000000                      -0.5881339743
                299.0000000000                      -0.5830916726
                300.0000000000                      -0.5780263514
                301.0000000000                      -0.5729382108
                302.0000000000                      -0.5678274515
                303.0000000000                      -0.5626942754
                304.0000000000                      -0.5575388851
                305.0000000000                      -0.5523614841
                306.0000000000                      -0.5471622768
                307.0000000000                      -0.5419414686
                308.0000000000                      -0.5366992654
                309.0000000000                      -0.5314358743
                310.0000000000                      -0.5261515031
                311.0000000000                      -0.5208463604
                312.0000000000                      -0.5155206557
                313.0000000000                      -0.5101745992
                314.0000000000                      -0.5048084021
                315.0000000000                      -0.4994222762
                316.0000000000                      -0.4940164342
                317.0000000000                      -0.4885910897
                318.0000000000                      -0.4831464570
                319.0000000000                      -0.4776827510
                320.0000000000                      -0.4722001878
                321.0000000000                      -0.4666989840
                322.0000000000                      -0.4611793569
                323.0000000000                      -0.4556415251
                324.0000000000                      -0.4500857073
                325.0000000000                      -0.4445121237
                326.0000000000                      -0.4389209949
                327.0000000000                      -0.4333125426
                328.0000000000                      -0.4276869891
                329.0000000000                      -0.4220445580
                330.0000000000                      -0.4163854736
                331.0000000000                      -0.4107099612
                332.0000000000                      -0.4050182473
                333.0000000000                      -0.3993105595
                334.0000000000                      -0.3935871266
                335.0000000000                      -0.3878481785
                336.0000000000                      -0.3820939470
                337.0000000000                      -0.3763246648
                338.0000000000                      -0.3705405668
                339.0000000000                      -0.3647418895
                340.0000000000                      -0.3589288713
                341.0000000000                      -0.3531017530
                342.0000000000                      -0.3472607776
                343.0000000000                      -0.3414061907
                344.0000000000                      -0.3355382409
                345.0000000000                      -0.3296571799
                346.0000000000                      -0.3237632625
                347.0000000000                      -0.3178567476
                348.0000000000                      -0.3119378977
                349.0000000000                      -0.3060069799
                350.0000000000                      -0.3000642655
                351.0000000000                      -0.2941100311
                352.0000000000                      -0.2881445581
                353.0000000000                      -0.2821681338
                354.0000000000                      -0.2761810507
                355.0000000000                      -0.2701836079
                356.0000000000                      -0.2641761100
                357.0000000000                      -0.2581588684
                358.0000000000                      -0.2521322006
                359.0000000000                      -0.2460964306
                360.0000000000                      -0.2400518889
                361.0000000000                      -0.2339989120
                362.0000000000                      -0.2279378424
                363.0000000000                      -0.2218690283
                364.0000000000                      -0.2157928231
                365.0000000000                      -0.2097095847
                366.0000000000                      -0.2036196750
                367.0000000000                      -0.1975234590
                368.0000000000                      -0.1914213038
                369.0000000000                      -0.1853135776
                370.0000000000                      -0.1792006487
                371.0000000000                      -0.1730828839
                372.0000000000                      -0.1669606472
                373.0000000000                      -0.1608342986
                374.0000000000                      -0.1547041922
                375.0000000000                      -0.1485706748
                376.0000000000                      -0.1424340844
                377.0000000000                      -0.1362947482
                378.0000000000                      -0.1301529816
                379.0000000000                      -0.1240090858
                380.0000000000                      -0.1178633474
                381.0000000000                      -0.1117160358
                382.0000000000                      -0.1055674033
                383.0000000000                      -0.0994176826
                384.0000000000                      -0.0932670871
                385.0000000000                      -0.0871158096
                386.0000000000                      -0.0809640217
                387.0000000000                      -0.0748118740
                388.0000000000                      -0.0686594959
                389.0000000000                      -0.0625069957
                390.0000000000                      -0.0563544617
                391.0000000000                      -0.0502019623
                392.0000000000                      -0.0440495478
                393.0000000000                      -0.0378972511
                394.0000000000                      -0.0317450898
                395.0000000000                      -0.0255930677
                396.0000000000                      -0.0194411768
                397.0000000000                      -0.0132893996
                398.0000000000                      -0.0071377114
                399.0000000000                      -0.0009860823
                400.0000000000                       0.0051655197
                401.0000000000                       0.0113171269
                402.0000000000                       0.0174687690
                403.0000000000                       0.0236204705
                404.0000000000                       0.0297722491
                405.0000000000                       0.0359241127
                406.0000000000                       0.0420760578
                407.0000000000                       0.0482280673
                408.0000000000                       0.0543801090
                409.0000000000                       0.0605321342
                410.0000000000                       0.0666840759
                411.0000000000                       0.0728358486
                412.0000000000                       0.0789873471
                413.0000000000                       0.0851384458
                414.0000000000                       0.0912889991
                415.0000000000                       0.0974388408
                416.0000000000                       0.1035877847
                417.0000000000                       0.1097356249
                418.0000000000                       0.1158821366
                419.0000000000                       0.1220270769
                420.0000000000                       0.1281701857
                421.0000000000                       0.1343111872
                422.0000000000                       0.1404497906
                423.0000000000                       0.1465856922
                424.0000000000                       0.1527185760
                425.0000000000                       0.1588481160
                426.0000000000                       0.1649739768
                427.0000000000                       0.1710958160
                428.0000000000                       0.1772132848
                429.0000000000                       0.1833260299
                430.0000000000                       0.1894336947
                431.0000000000                       0.1955359208
                432.0000000000                       0.2016323486
                433.0000000000                       0.2077226190
                434.0000000000                       0.2138063740
                435.0000000000                       0.2198832580
                436.0000000000                       0.2259529181
                437.0000000000                       0.2320150049
                438.0000000000                       0.2380691736
                439.0000000000                       0.2441150837
                440.0000000000                       0.2501523997
                441.0000000000                       0.2561807916
                442.0000000000                       0.2621999349
                443.0000000000                       0.2682095107
                444.0000000000                       0.2742092056
                445.0000000000                       0.2801987122
                446.0000000000                       0.2861777285
                447.0000000000                       0.2921459580
                448.0000000000                       0.2981031098
                449.0000000000                       0.3040488978
                450.0000000000                       0.3099830413
                451.0000000000                       0.3159052639
                452.0000000000                       0.3218152941
                453.0000000000                       0.3277128644
                454.0000000000                       0.3335977113
                455.0000000000                       0.3394695754
                456.0000000000                       0.3453282003
                457.0000000000                       0.3511733332
                458.0000000000                       0.3570047243
                459.0000000000                       0.3628221266
                460.0000000000                       0.3686252956
                461.0000000000                       0.3744139894
                462.0000000000                       0.3801879681
                463.0000000000                       0.3859469939
                464.0000000000                       0.3916908312
                465.0000000000                       0.3974192457
                466.0000000000                       0.4031320051
                467.0000000000                       0.4088288783
                468.0000000000                       0.4145096360
                469.0000000000                       0.4201740499
                470.0000000000                       0.4258218929
                471.0000000000                       0.4314529394
                472.0000000000                       0.4370669646
                473.0000000000                       0.4426637448
                474.0000000000                       0.4482430575
                475.0000000000                       0.4538046809
                476.0000000000                       0.4593483943
                477.0000000000                       0.4648739779
                478.0000000000                       0.4703812126
                479.0000000000                       0.4758698805
                480.0000000000                       0.4813397643
                481.0000000000                       0.4867906475
                482.0000000000                       0.4922223147
                483.0000000000                       0.4976345510
                484.0000000000                       0.5030271426
                485.0000000000                       0.5083998764
                486.0000000000                       0.5137525401
                487.0000000000                       0.5190849222
                488.0000000000                       0.5243968121
                489.0000000000                       0.5296880001
                490.0000000000                       0.5349582772
                491.0000000000                       0.5402074352
                492.0000000000                       0.5454352669
                493.0000000000                       0.5506415659
                494.0000000000                       0.5558261266
                495.0000000000                       0.5609887444
                496.0000000000                       0.5661292153
                497.0000000000                       0.5712473364
                498.0000000000                       0.5763429057
                499.0000000000                       0.5814157220
                500.0000000000                       0.5864655851
                501.0000000000                       0.5914922955
                502.0000000000                       0.5964956548
                503.0000000000                       0.6014754654
                504.0000000000                       0.6064315309
                505.0000000000                       0.6113636555
                506.0000000000                       0.6162716445
                507.0000000000                       0.6211553042
                508.0000000000                       0.6260144417
                509.0000000000                       0.6308488652
                510.0000000000                       0.6356583839
                511.0000000000                       0.6404428079
                512.0000000000                       0.6452019483
                513.0000000000                       0.6499356172
                514.0000000000                       0.6546436278
                515.0000000000                       0.6593257942
                516.0000000000                       0.6639819315
                517.0000000000                       0.6686118560
                518.0000000000                       0.6732153848
                519.0000000000                       0.6777923362
                520.0000000000                       0.6823425295
                521.0000000000                       0.6868657852
                522.0000000000                       0.6913619245
                523.0000000000                       0.6958307700
                524.0000000000                       0.7002721454
                525.0000000000                       0.7046858751
                526.0000000000                       0.7090717851
                527.0000000000                       0.7134297022
                528.0000000000                       0.7177594542
                529.0000000000                       0.7220608704
                530.0000000000                       0.7263337808
                531.0000000000                       0.7305780168
                532.0000000000                       0.7347934109
                533.0000000000                       0.7389797965
                534.0000000000                       0.7431370085
                535.0000000000                       0.7472648827
                536.0000000000                       0.7513632562
                537.0000000000                       0.7554319671
                538.0000000000                       0.7594708549
                539.0000000000                       0.7634797600
                540.0000000000                       0.7674585243
                541.0000000000                       0.7714069907
                542.0000000000                       0.7753250032
                543.0000000000                       0.7792124072
                544.0000000000                       0.7830690492
                545.0000000000                       0.7868947770
                546.0000000000                       0.7906894395
                547.0000000000                       0.7944528870
                548.0000000000                       0.7981849708
                549.0000000000                       0.8018855437
                550.0000000000                       0.8055544595
                551.0000000000                       0.8091915734
                552.0000000000                       0.8127967417
                553.0000000000                       0.8163698223
                554.0000000000                       0.8199106739
                555.0000000000                       0.8234191569
                556.0000000000                       0.8268951327
                557.0000000000                       0.8303384642
                558.0000000000                       0.8337490152
                559.0000000000                       0.8371266513
                560.0000000000                       0.8404712390
                561.0000000000                       0.8437826464
                562.0000000000                       0.8470607427
                563.0000000000                       0.8503053985
                564.0000000000                       0.8535164857
                565.0000000000                       0.8566938775
                566.0000000000                       0.8598374485
                567.0000000000                       0.8629470745
                568.0000000000                       0.8660226329
                569.0000000000                       0.8690640023
                570.0000000000                       0.8720710624
                571.0000000000                       0.8750436947
                572.0000000000                       0.8779817817
                573.0000000000                       0.8808852076
                574.0000000000                       0.8837538576
                575.0000000000                       0.8865876185
                576.0000000000                       0.8893863784
                577.0000000000                       0.8921500269
                578.0000000000                       0.8948784548
                579.0000000000                       0.8975715545
                580.0000000000                       0.9002292195
                581.0000000000                       0.9028513451
                582.0000000000                       0.9054378276
                583.0000000000                       0.9079885650
                584.0000000000                       0.9105034565
                585.0000000000                       0.9129824030
                586.0000000000                       0.9154253064
                587.0000000000                       0.9178320704
                588.0000000000                       0.9202026000
                589.0000000000                       0.9225368016
                590.0000000000                       0.9248345830
                591.0000000000                       0.9270958535
                592.0000000000                       0.9293205238
                593.0000000000                       0.9315085062
                594.0000000000                       0.9336597141
                595.0000000000                       0.9357740628
                596.0000000000                       0.9378514688
                597.0000000000                       0.9398918500
                598.0000000000                       0.9418951258
                599.0000000000                       0.9438612172
                600.0000000000                       0.9457900466
                601.0000000000                       0.9476815379
                602.0000000000                       0.9495356163
                603.0000000000                       0.9513522086
                604.0000000000                       0.9531312432
                605.0000000000                       0.9548726498
                606.0000000000                       0.9565763597
                607.0000000000                       0.9582423055
                608.0000000000                       0.9598704216
                609.0000000000                       0.9614606437
                610.0000000000                       0.9630129089
                611.0000000000                       0.9645271560
                612.0000000000                       0.9660033252
                613.0000000000                       0.9674413583
                614.0000000000                       0.9688411985
                615.0000000000                       0.9702027904
                616.0000000000                       0.9715260804
                617.0000000000                       0.9728110163
                618.0000000000                       0.9740575472
                619.0000000000                       0.9752656240
                620.0000000000                       0.9764351989
                621.0000000000                       0.9775662259
                622.0000000000                       0.9786586602
                623.0000000000                       0.9797124588
                624.0000000000                       0.9807275799
                625.0000000000                       0.9817039837
                626.0000000000                       0.9826416314
                627.0000000000                       0.9835404862
                628.0000000000                       0.9844005124
                629.0000000000                       0.9852216762
                630.0000000000                       0.9860039451
                631.0000000000                       0.9867472883
                632.0000000000                       0.9874516763
                633.0000000000                       0.9881170815
                634.0000000000                       0.9887434775
                635.0000000000                       0.9893308396
                636.0000000000                       0.9898791446
                637.0000000000                       0.9903883709
                638.0000000000                       0.9908584983
                639.0000000000                       0.9912895083
                640.0000000000                       0.9916813839
                641.0000000000                       0.9920341097
                642.0000000000                       0.9923476716
                643.0000000000                       0.9926220573
                644.0000000000                       0.9928572560
                645.0000000000                       0.9930532584
                646.0000000000                       0.9932100568
                647.0000000000                       0.9933276449
                648.0000000000                       0.9934060182
                649.0000000000                       0.9934451735
                650.0000000000                       0.9934451092
                651.0000000000                       0.9934058255
                652.0000000000                       0.9933273237
                653.0000000000                       0.9932096072
                654.0000000000                       0.9930526804
                655.0000000000                       0.9928565495
                656.0000000000                       0.9926212225
                657.0000000000                       0.9923467084
                658.0000000000                       0.9920330181
                659.0000000000                       0.9916801641
                660.0000000000                       0.9912881603
                661.0000000000                       0.9908570221
                662.0000000000                       0.9903867665
                663.0000000000                       0.9898774122
                664.0000000000                       0.9893289792
                665.0000000000                       0.9887414892
                666.0000000000                       0.9881149654
                667.0000000000                       0.9874494325
                668.0000000000                       0.9867449168
                669.0000000000                       0.9860014460
                670.0000000000                       0.9852190496
                671.0000000000                       0.9843977585
                672.0000000000                       0.9835376050
                673.0000000000                       0.9826386231
                674.0000000000                       0.9817008484
                675.0000000000                       0.9807243177
                676.0000000000                       0.9797090698
                677.0000000000                       0.9786551446
                678.0000000000                       0.9775625838
                679.0000000000                       0.9764314305
                680.0000000000                       0.9752617293
                681.0000000000                       0.9740535265
                682.0000000000                       0.9728068697
                683.0000000000                       0.9715218081
                684.0000000000                       0.9701983926
                685.0000000000                       0.9688366752
                686.0000000000                       0.9674367099
                687.0000000000                       0.9659985518
                688.0000000000                       0.9645222577
                689.0000000000                       0.9630078859
                690.0000000000                       0.9614554962
                691.0000000000                       0.9598651500
                692.0000000000                       0.9582369098
                693.0000000000                       0.9565708402
                694.0000000000                       0.9548670067
                695.0000000000                       0.9531254767
                696.0000000000                       0.9513463190
                697.0000000000                       0.9495296037
                698.0000000000                       0.9476754027
                699.0000000000                       0.9457837890
                700.0000000000                       0.9438548374
                701.0000000000                       0.9418886240
                702.0000000000                       0.9398852265
                703.0000000000                       0.9378447239
                704.0000000000                       0.9357671968
                705.0000000000                       0.9336527272
                706.0000000000                       0.9315013986
                707.0000000000                       0.9293132960
                708.0000000000                       0.9270885056
                709.0000000000                       0.9248271153
                710.0000000000                       0.9225292145
                711.0000000000                       0.9201948938
                712.0000000000                       0.9178242453
                713.0000000000                       0.9154173628
                714.0000000000                       0.9129743411
                715.0000000000                       0.9104952767
                716.0000000000                       0.9079802676
                717.0000000000                       0.9054294130
                718.0000000000                       0.9028428135
                719.0000000000                       0.9002205714
                720.0000000000                       0.8975627900
                721.0000000000                       0.8948695745
                722.0000000000                       0.8921410310
                723.0000000000                       0.8893772673
                724.0000000000                       0.8865783926
                725.0000000000                       0.8837445172
                726.0000000000                       0.8808757531
                727.0000000000                       0.8779722135
                728.0000000000                       0.8750340131
                729.0000000000                       0.8720612679
                730.0000000000                       0.8690540951
                731.0000000000                       0.8660126136
                732.0000000000                       0.8629369434
                733.0000000000                       0.8598272059
                734.0000000000                       0.8566835239
                735.0000000000                       0.8535060215
                736.0000000000                       0.8502948242
                737.0000000000                       0.8470500587
                738.0000000000                       0.8437718530
                739.0000000000                       0.8404603368
                740.0000000000                       0.8371156405
                741.0000000000                       0.8337378964
                742.0000000000                       0.8303272377
                743.0000000000                       0.8268837992
                744.0000000000                       0.8234077166
                745.0000000000                       0.8198991274
                746.0000000000                       0.8163581699
                747.0000000000                       0.8127849840
                748.0000000000                       0.8091797108
                749.0000000000                       0.8055424925
                750.0000000000                       0.8018734728
                751.0000000000                       0.7981727964
                752.0000000000                       0.7944406096
                753.0000000000                       0.7906770597
                754.0000000000                       0.7868822951
                755.0000000000                       0.7830564658
                756.0000000000                       0.7791997227
                757.0000000000                       0.7753122182
                758.0000000000                       0.7713941057
                759.0000000000                       0.7674455398
                760.0000000000                       0.7634666766
                761.0000000000                       0.7594576729
                762.0000000000                       0.7554186872
                763.0000000000                       0.7513498788
                764.0000000000                       0.7472514085
                765.0000000000                       0.7431234379
                766.0000000000                       0.7389661300
                767.0000000000                       0.7347796491
                768.0000000000                       0.7305641603
                769.0000000000                       0.7263198301
                770.0000000000                       0.7220468260
                771.0000000000                       0.7177453168
                772.0000000000                       0.7134154722
                773.0000000000                       0.7090574631
                774.0000000000                       0.7046714617
                775.0000000000                       0.7002576411
                776.0000000000                       0.6958161755
                777.0000000000                       0.6913472402
                778.0000000000                       0.6868510118
                779.0000000000                       0.6823276676
                780.0000000000                       0.6777773864
                781.0000000000                       0.6732003476
                782.0000000000                       0.6685967320
                783.0000000000                       0.6639667214
                784.0000000000                       0.6593104985
                785.0000000000                       0.6546282472
                786.0000000000                       0.6499201522
                787.0000000000                       0.6451863995
                788.0000000000                       0.6404271760
                789.0000000000                       0.6356426695
                790.0000000000                       0.6308330689
                791.0000000000                       0.6259985641
                792.0000000000                       0.6211393459
                793.0000000000                       0.6162556062
                794.0000000000                       0.6113475378
                795.0000000000                       0.6064153345
                796.0000000000                       0.6014591909
                797.0000000000                       0.5964793027
                798.0000000000                       0.5914758665
                799.0000000000                       0.5864490799
                800.0000000000                       0.5813991413
                801.0000000000                       0.5763262500
                802.0000000000                       0.5712306064
                803.0000000000                       0.5661124116
                804.0000000000                       0.5609718676
                805.0000000000                       0.5558091774
                806.0000000000                       0.5506245448
                807.0000000000                       0.5454181744
                808.0000000000                       0.5401902719
                809.0000000000                       0.5349410437
                810.0000000000                       0.5296706968
                811.0000000000                       0.5243794395
                812.0000000000                       0.5190674806
                813.0000000000                       0.5137350297
                814.0000000000                       0.5083822975
                815.0000000000                       0.5030094952
                816.0000000000                       0.4976168350
                817.0000000000                       0.4922045297
                818.0000000000                       0.4867727930
                819.0000000000                       0.4813218394
                820.0000000000                       0.4758518840
                821.0000000000                       0.4703631427
                822.0000000000                       0.4648558324
                823.0000000000                       0.4593301703
                824.0000000000                       0.4537863747
                825.0000000000                       0.4482246643
                826.0000000000                       0.4426452588
                827.0000000000                       0.4370483784
                828.0000000000                       0.4314342442
                829.0000000000                       0.4258030776
                830.0000000000                       0.4201551010
                831.0000000000                       0.4144905375
                832.0000000000                       0.4088096105
                833.0000000000                       0.4031125445
                834.0000000000                       0.3973995642
                835.0000000000                       0.3916708953
                836.0000000000                       0.3859267639
                837.0000000000                       0.3801673968
                838.0000000000                       0.3743930213
                839.0000000000                       0.3686038655
                840.0000000000                       0.3628001577
                841.0000000000                       0.3569821273
                842.0000000000                       0.3511500038
                843.0000000000                       0.3453040175
                844.0000000000                       0.3394443992
                845.0000000000                       0.3335713802
                846.0000000000                       0.3276851923
                847.0000000000                       0.3217860681
                848.0000000000                       0.3158742402
                849.0000000000                       0.3099499422
                850.0000000000                       0.3040134079
                851.0000000000                       0.2980648717
                852.0000000000                       0.2921045683
                853.0000000000                       0.2861327332
                854.0000000000                       0.2801496021
                855.0000000000                       0.2741554111
                856.0000000000                       0.2681503969
                857.0000000000                       0.2621347967
                858.0000000000                       0.2561088477
                859.0000000000                       0.2500727881
                860.0000000000                       0.2440268560
                861.0000000000                       0.2379712901
                862.0000000000                       0.2319063296
                863.0000000000                       0.2258322137
                864.0000000000                       0.2197491824
                865.0000000000                       0.2136574758
                866.0000000000                       0.2075573344
                867.0000000000                       0.2014489989
                868.0000000000                       0.1953327106
                869.0000000000                       0.1892087108
                870.0000000000                       0.1830772415
                871.0000000000                       0.1769385445
                872.0000000000                       0.1707928624
                873.0000000000                       0.1646404376
                874.0000000000                       0.1584815131
                875.0000000000                       0.1523163320
                876.0000000000                       0.1461451377
                877.0000000000                       0.1399681739
                878.0000000000                       0.1337856844
                879.0000000000                       0.1275979132
                880.0000000000                       0.1214051047
                881.0000000000                       0.1152075033
                882.0000000000                       0.1090053538
                883.0000000000                       0.1027989009
                884.0000000000                       0.0965883896
                885.0000000000                       0.0903740652
                886.0000000000                       0.0841561730
                887.0000000000                       0.0779349585
                888.0000000000                       0.0717106672
                889.0000000000                       0.0654835449
                890.0000000000                       0.0592538374
                891.0000000000                       0.0530217907
                892.0000000000                       0.0467876508
                893.0000000000                       0.0405516638
                894.0000000000                       0.0343140759
                895.0000000000                       0.0280751333
                896.0000000000                       0.0218350823
                897.0000000000                       0.0155941694
                898.0000000000                       0.0093526408
                899.0000000000                       0.0031107429
                900.0000000000                      -0.0031312777
                901.0000000000                      -0.0093731747
                902.0000000000                      -0.0156147017
                903.0000000000                      -0.0218556122
                904.0000000000                      -0.0280956599
                905.0000000000                      -0.0343345984
                906.0000000000                      -0.0405721815
                907.0000000000                      -0.0468081628
                908.0000000000                      -0.0530422963
                909.0000000000                      -0.0592743357
                910.0000000000                      -0.0655040351
                911.0000000000                      -0.0717311485
                912.0000000000                      -0.0779554300
                913.0000000000                      -0.0841766340
                914.0000000000                      -0.0903945149
                915.0000000000                      -0.0966088271
                916.0000000000                      -0.1028193254
                917.0000000000                      -0.1090257646
                918.0000000000                      -0.1152278996
                919.0000000000                      -0.1214254856
                920.0000000000                      -0.1276182780
                921.0000000000                      -0.1338060321
                922.0000000000                      -0.1399885039
                923.0000000000                      -0.1461654491
                924.0000000000                      -0.1523366240
                925.0000000000                      -0.1585017849
                926.0000000000                      -0.1646606884
                927.0000000000                      -0.1708130914
                928.0000000000                      -0.1769587510
                929.0000000000                      -0.1830974246
                930.0000000000                      -0.1892288698
                931.0000000000                      -0.1953528445
                932.0000000000                      -0.2014691071
                933.0000000000                      -0.2075774160
                934.0000000000                      -0.2136775301
                935.0000000000                      -0.2197692085
                936.0000000000                      -0.2258522109
                937.0000000000                      -0.2319262970
                938.0000000000                      -0.2379912271
                939.0000000000                      -0.2440467616
                940.0000000000                      -0.2500926616
                941.0000000000                      -0.2561286884
                942.0000000000                      -0.2621546037
                943.0000000000                      -0.2681701695
                944.0000000000                      -0.2741751485
                945.0000000000                      -0.2801693035
                946.0000000000                      -0.2861523978
                947.0000000000                      -0.2921241954
                948.0000000000                      -0.2980844604
                949.0000000000                      -0.3040329575
                950.0000000000                      -0.3099694520
                951.0000000000                      -0.3158937094
                952.0000000000                      -0.3218054958
                953.0000000000                      -0.3277045779
                954.0000000000                      -0.3335907228
                955.0000000000                      -0.3394636981
                956.0000000000                      -0.3453232719
                957.0000000000                      -0.3511692130
                958.0000000000                      -0.3570012905
                959.0000000000                      -0.3628192742
                960.0000000000                      -0.3686229344
                961.0000000000                      -0.3744120421
                962.0000000000                      -0.3801863685
                963.0000000000                      -0.3859456859
                964.0000000000                      -0.3916897668
                965.0000000000                      -0.3974183845
                966.0000000000                      -0.4031313127
                967.0000000000                      -0.4088283260
                968.0000000000                      -0.4145091995
                969.0000000000                      -0.4201737089
                970.0000000000                      -0.4258216305
                971.0000000000                      -0.4314527414
                972.0000000000                      -0.4370668193
                973.0000000000                      -0.4426636425
                974.0000000000                      -0.4482429902
                975.0000000000                      -0.4538046420
                976.0000000000                      -0.4593483783
                977.0000000000                      -0.4648739804
                978.0000000000                      -0.4703812300
                979.0000000000                      -0.4758699098
                980.0000000000                      -0.4813398030
                981.0000000000                      -0.4867906938
                982.0000000000                      -0.4922223669
                983.0000000000                      -0.4976346079
                984.0000000000                      -0.5030272032
                985.0000000000                      -0.5083999398
                986.0000000000                      -0.5137526056
                987.0000000000                      -0.5190849894
                988.0000000000                      -0.5243968806
                989.0000000000                      -0.5296880694
                990.0000000000                      -0.5349583471
                991.0000000000                      -0.5402075056
                992.0000000000                      -0.5454353376
                993.0000000000                      -0.5506416367
                994.0000000000                      -0.5558261975
                995.0000000000                      -0.5609888152
                996.0000000000                      -0.5661292860
                997.0000000000                      -0.5712474070
                998.0000000000                      -0.5763429761
                999.0000000000                      -0.5814157922
               1000.0000000000                      -0.5864656550
