                  0.0000000000                       0.5646453638
                  4.0000000000                       0.5829093565
                  8.0000000000                       0.6008131439
                 12.0000000000                       0.6183448072
                 16.0000000000                       0.6354926718
                 20.0000000000                       0.6522453212
                 24.0000000000                       0.6685916089
                 28.0000000000                       0.6845206703
                 32.0000000000                       0.7000219323
                 36.0000000000                       0.7150851226
                 40.0000000000                       0.7297002780
                 44.0000000000                       0.7438577514
                 48.0000000000                       0.7575482181
                 52.0000000000                       0.7707626818
                 56.0000000000                       0.7834924790
                 60.0000000000                       0.7957292837
                 64.0000000000                       0.8074651111
                 68.0000000000                       0.8186923207
                 72.0000000000                       0.8294036198
                 76.0000000000                       0.8395920654
                 80.0000000000                       0.8492510674
                 84.0000000000                       0.8583743901
                 88.0000000000                       0.8669561543
                 92.0000000000                       0.8749908394
                 96.0000000000                       0.8824732846
                100.0000000000                       0.8893986911
                104.0000000000                       0.8957626228
                108.0000000000                       0.9015610082
                112.0000000000                       0.9067901414
                116.0000000000                       0.9114466833
                120.0000000000                       0.9155276628
                124.0000000000                       0.9190304774
                128.0000000000                       0.9219528945
                132.0000000000                       0.9242930516
                136.0000000000                       0.9260494572
                140.0000000000                       0.9272209910
                144.0000000000                       0.9278069043
                148.0000000000                       0.9278068201
                152.0000000000                       0.9272207329
                156.0000000000                       0.9260490084
                160.0000000000                       0.9242923832
                164.0000000000                       0.9219519642
                168.0000000000                       0.9190292275
                172.0000000000                       0.9155260175
                176.0000000000                       0.9114445457
                180.0000000000                       0.9067873889
                184.0000000000                       0.9015574880
                188.0000000000                       0.8957581458
                192.0000000000                       0.8893930247
                196.0000000000                       0.8824661449
                200.0000000000                       0.8749818812
                204.0000000000                       0.8669449607
                208.0000000000                       0.8583604595
                212.0000000000                       0.8492337996
                216.0000000000                       0.8395707457
                220.0000000000                       0.8293774010
                224.0000000000                       0.8186602039
                228.0000000000                       0.8074259234
                232.0000000000                       0.7956816555
                236.0000000000                       0.7834348180
                240.0000000000                       0.7706931462
                244.0000000000                       0.7574646882
                248.0000000000                       0.7437577992
                252.0000000000                       0.7295811368
                256.0000000000                       0.7149436553
                260.0000000000                       0.6998546000
                264.0000000000                       0.6843235016
                268.0000000000                       0.6683601698
                272.0000000000                       0.6519746873
                276.0000000000                       0.6351774036
                280.0000000000                       0.6179789282
                284.0000000000                       0.6003901241
                288.0000000000                       0.5824221007
                292.0000000000                       0.5640862069
                296.0000000000                       0.5453940242
                300.0000000000                       0.5263573590
                304.0000000000                       0.5069882351
                308.0000000000                       0.4872988866
                312.0000000000                       0.4673017496
                316.0000000000                       0.4470094549
                320.0000000000                       0.4264348193
                324.0000000000                       0.4055908384
                328.0000000000                       0.3844906776
                332.0000000000                       0.3631476642
                336.0000000000                       0.3415752790
                340.0000000000                       0.3197871475
                344.0000000000                       0.2977970315
                348.0000000000                       0.2756188206
                352.0000000000                       0.2532665229
                356.0000000000                       0.2307542566
                360.0000000000                       0.2080962410
                364.0000000000                       0.1853067873
                368.0000000000                       0.1624002899
                372.0000000000                       0.1393912169
                376.0000000000                       0.1162941015
                380.0000000000                       0.0931235322
                384.0000000000                       0.0698941441
                388.0000000000                       0.0466206094
                392.0000000000                       0.0233176281
                396.0000000000                      -0.0000000811
                400.0000000000                      -0.0233177903
                404.0000000000                      -0.0466207714
                408.0000000000                      -0.0698943059
                412.0000000000                      -0.0931236937
                416.0000000000                      -0.1162942625
                420.0000000000                      -0.1393913773
                424.0000000000                      -0.1624004496
                428.0000000000                      -0.1853069462
                432.0000000000                      -0.2080963991
                436.0000000000                      -0.2307544137
                440.0000000000                      -0.2532666789
                444.0000000000                      -0.2756189755
                448.0000000000                      -0.2977971852
                452.0000000000                      -0.3197872998
                456.0000000000                      -0.3415754298
                460.0000000000                      -0.3631478135
                464.0000000000                      -0.3844908252
                468.0000000000                      -0.4055909843
                472.0000000000                      -0.4264349634
                476.0000000000                      -0.4470095970
                480.0000000000                      -0.4673018898
                484.0000000000                      -0.4872990247
                488.0000000000                      -0.5069883710
                492.0000000000                      -0.5263574926
                496.0000000000                      -0.5453941555
                500.0000000000                      -0.5640863357
                504.0000000000                      -0.5824222270
                508.0000000000                      -0.6003902478
                512.0000000000                      -0.6179790492
                516.0000000000                      -0.6351775218
                520.0000000000                      -0.6519748027
                524.0000000000                      -0.6683602823
                528.0000000000                      -0.6843236112
                532.0000000000                      -0.6998547066
                536.0000000000                      -0.7149437587
                540.0000000000                      -0.7295812370
                544.0000000000                      -0.7437578962
                548.0000000000                      -0.7574647819
                552.0000000000                      -0.7706932366
                556.0000000000                      -0.7834349049
                560.0000000000                      -0.7956817389
                564.0000000000                      -0.8074260033
                568.0000000000                      -0.8186602802
                572.0000000000                      -0.8293774737
                576.0000000000                      -0.8395708146
                580.0000000000                      -0.8492338648
                584.0000000000                      -0.8583605207
                588.0000000000                      -0.8669450180
                592.0000000000                      -0.8749819345
                596.0000000000                      -0.8824661941
                600.0000000000                      -0.8893930697
                604.0000000000                      -0.8957581864
                608.0000000000                      -0.9015575240
                612.0000000000                      -0.9067874201
                616.0000000000                      -0.9114445717
                620.0000000000                      -0.9155260381
                624.0000000000                      -0.9190292421
                628.0000000000                      -0.9219519721
                632.0000000000                      -0.9242923836
                636.0000000000                      -0.9260490001
                640.0000000000                      -0.9272207147
                644.0000000000                      -0.9278067903
                648.0000000000                      -0.9278068607
                652.0000000000                      -0.9272209308
                656.0000000000                      -0.9260493769
                660.0000000000                      -0.9242929470
                664.0000000000                      -0.9219527602
                668.0000000000                      -0.9190303067
                672.0000000000                      -0.9155274476
                676.0000000000                      -0.9114464135
                680.0000000000                      -0.9067898049
                684.0000000000                      -0.9015605902
                688.0000000000                      -0.8957621054
                692.0000000000                      -0.8893980529
                696.0000000000                      -0.8824725001
                700.0000000000                      -0.8749898780
                704.0000000000                      -0.8669549804
                708.0000000000                      -0.8583729614
                712.0000000000                      -0.8492493348
                716.0000000000                      -0.8395899716
                720.0000000000                      -0.8294010986
                724.0000000000                      -0.8186892963
                728.0000000000                      -0.8074614967
                732.0000000000                      -0.7957249809
                736.0000000000                      -0.7834873766
                740.0000000000                      -0.7707566551
                744.0000000000                      -0.7575411281
                748.0000000000                      -0.7438494441
                752.0000000000                      -0.7296905841
                756.0000000000                      -0.7150738570
                760.0000000000                      -0.7000088941
                764.0000000000                      -0.6845056433
                768.0000000000                      -0.6685743619
                772.0000000000                      -0.6522256091
                776.0000000000                      -0.6354702371
                780.0000000000                      -0.6183193815
                784.0000000000                      -0.6007844505
                788.0000000000                      -0.5828771128
                792.0000000000                      -0.5646092851
                796.0000000000                      -0.5459931174
                800.0000000000                      -0.5270409784
                804.0000000000                      -0.5077654390
                808.0000000000                      -0.4881792556
                812.0000000000                      -0.4682953520
                816.0000000000                      -0.4481268011
                820.0000000000                      -0.4276868063
                824.0000000000                      -0.4069886822
                828.0000000000                      -0.3860458357
                832.0000000000                      -0.3648717472
                836.0000000000                      -0.3434799527
                840.0000000000                      -0.3218840259
                844.0000000000                      -0.3000975623
                848.0000000000                      -0.2781341641
                852.0000000000                      -0.2560074269
                856.0000000000                      -0.2337309278
                860.0000000000                      -0.2113182157
                864.0000000000                      -0.1887828041
                868.0000000000                      -0.1661381650
                872.0000000000                      -0.1433977261
                876.0000000000                      -0.1205748694
                880.0000000000                      -0.0976829323
                884.0000000000                      -0.0747352101
                888.0000000000                      -0.0517449612
                892.0000000000                      -0.0287254127
                896.0000000000                      -0.0056897679
                900.0000000000                       0.0173487853
                904.0000000000                       0.0403770660
                908.0000000000                       0.0633818910
                912.0000000000                       0.0863500663
                916.0000000000                       0.1092683787
                920.0000000000                       0.1321235884
                924.0000000000                       0.1549024232
                928.0000000000                       0.1775915736
                932.0000000000                       0.2001776900
                936.0000000000                       0.2226473817
                940.0000000000                       0.2449872180
                944.0000000000                       0.2671837318
                948.0000000000                       0.2892234244
                952.0000000000                       0.3110927737
                956.0000000000                       0.3327782437
                960.0000000000                       0.3542662959
                964.0000000000                       0.3755434029
                968.0000000000                       0.3965960634
                972.0000000000                       0.4174108182
                976.0000000000                       0.4379742678
                980.0000000000                       0.4582730902
                984.0000000000                       0.4782940602
                988.0000000000                       0.4980240674
                992.0000000000                       0.5174501363
                996.0000000000                       0.5365594441
               1000.0000000000                       0.5553393394
