                  0.0000000000                       0.0179136079
                  4.0000000000                       0.0416505777
                  8.0000000000                       0.0653665855
                 12.0000000000                       0.0890500741
                 16.0000000000                       0.1126893005
                 20.0000000000                       0.1362722720
                 24.0000000000                       0.1597866942
                 28.0000000000                       0.1832199301
                 32.0000000000                       0.2065589747
                 36.0000000000                       0.2297904443
                 40.0000000000                       0.2529005805
                 44.0000000000                       0.2758752683
                 48.0000000000                       0.2987000674
                 52.0000000000                       0.3213602539
                 56.0000000000                       0.3438408713
                 60.0000000000                       0.3661267876
                 64.0000000000                       0.3882027568
                 68.0000000000                       0.4100534812
                 72.0000000000                       0.4316636739
                 76.0000000000                       0.4530181184
                 80.0000000000                       0.4741017238
                 84.0000000000                       0.4948995754
                 88.0000000000                       0.5153969783
                 92.0000000000                       0.5355794954
                 96.0000000000                       0.5554329780
                100.0000000000                       0.5749435906
                104.0000000000                       0.5940978294
                108.0000000000                       0.6128825357
                112.0000000000                       0.6312849046
                116.0000000000                       0.6492924900
                120.0000000000                       0.6668932067
                124.0000000000                       0.6840753299
                128.0000000000                       0.7008274939
                132.0000000000                       0.7171386891
                136.0000000000                       0.7329982589
                140.0000000000                       0.7483958967
                144.0000000000                       0.7633216433
                148.0000000000                       0.7777658839
                152.0000000000                       0.7917193469
                156.0000000000                       0.8051731028
                160.0000000000                       0.8181185636
                164.0000000000                       0.8305474833
                168.0000000000                       0.8424519586
                172.0000000000                       0.8538244306
                176.0000000000                       0.8646576865
                180.0000000000                       0.8749448616
                184.0000000000                       0.8846794424
                188.0000000000                       0.8938552685
                192.0000000000                       0.9024665359
                196.0000000000                       0.9105077995
                200.0000000000                       0.9179739761
                204.0000000000                       0.9248603469
                208.0000000000                       0.9311625602
                212.0000000000                       0.9368766342
                216.0000000000                       0.9419989586
                220.0000000000                       0.9465262975
                224.0000000000                       0.9504557909
                228.0000000000                       0.9537849565
                232.0000000000                       0.9565116914
                236.0000000000                       0.9586342731
                240.0000000000                       0.9601513610
                244.0000000000                       0.9610619968
                248.0000000000                       0.9613656053
                252.0000000000                       0.9610619946
                256.0000000000                       0.9601513565
                260.0000000000                       0.9586342663
                264.0000000000                       0.9565116821
                268.0000000000                       0.9537849445
                272.0000000000                       0.9504557759
                276.0000000000                       0.9465262791
                280.0000000000                       0.9419989359
                284.0000000000                       0.9368766060
                288.0000000000                       0.9311625247
                292.0000000000                       0.9248603012
                296.0000000000                       0.9179739160
                300.0000000000                       0.9105077188
                304.0000000000                       0.9024664254
                308.0000000000                       0.8938551148
                312.0000000000                       0.8846792262
                316.0000000000                       0.8749445551
                320.0000000000                       0.8646572503
                324.0000000000                       0.8538238094
                328.0000000000                       0.8424510750
                332.0000000000                       0.8305462305
                336.0000000000                       0.8181167951
                340.0000000000                       0.8051706196
                344.0000000000                       0.7917158811
                348.0000000000                       0.7777610778
                352.0000000000                       0.7633150239
                356.0000000000                       0.7483868439
                360.0000000000                       0.7329859666
                364.0000000000                       0.7171221197
                368.0000000000                       0.7008053231
                372.0000000000                       0.6840458827
                376.0000000000                       0.6668543843
                380.0000000000                       0.6492416864
                384.0000000000                       0.6312189135
                388.0000000000                       0.6127974491
                392.0000000000                       0.5939889288
                396.0000000000                       0.5748052322
                400.0000000000                       0.5552584764
                404.0000000000                       0.5353610074
                408.0000000000                       0.5151253928
                412.0000000000                       0.4945644140
                416.0000000000                       0.4736910577
                420.0000000000                       0.4525185080
                424.0000000000                       0.4310601379
                428.0000000000                       0.4093295009
                432.0000000000                       0.3873403226
                436.0000000000                       0.3651064919
                440.0000000000                       0.3426420520
                444.0000000000                       0.3199611921
                448.0000000000                       0.2970782379
                452.0000000000                       0.2740076426
                456.0000000000                       0.2507639782
                460.0000000000                       0.2273619259
                464.0000000000                       0.2038162670
                468.0000000000                       0.1801418733
                472.0000000000                       0.1563536981
                476.0000000000                       0.1324667666
                480.0000000000                       0.1084961662
                484.0000000000                       0.0844570374
                488.0000000000                       0.0603645636
                492.0000000000                       0.0362339623
                496.0000000000                       0.0120804748
                500.0000000000                      -0.0120806429
                504.0000000000                      -0.0362341303
                508.0000000000                      -0.0603647314
                512.0000000000                      -0.0844572048
                516.0000000000                      -0.1084963333
                520.0000000000                      -0.1324669331
                524.0000000000                      -0.1563538640
                528.0000000000                      -0.1801420384
                532.0000000000                      -0.2038164312
                536.0000000000                      -0.2273620893
                540.0000000000                      -0.2507641405
                544.0000000000                      -0.2740078037
                548.0000000000                      -0.2970783977
                552.0000000000                      -0.3199613506
                556.0000000000                      -0.3426422091
                560.0000000000                      -0.3651066474
                564.0000000000                      -0.3873404765
                568.0000000000                      -0.4093296530
                572.0000000000                      -0.4310602881
                576.0000000000                      -0.4525186563
                580.0000000000                      -0.4736912040
                584.0000000000                      -0.4945645582
                588.0000000000                      -0.5151255347
                592.0000000000                      -0.5353611470
                596.0000000000                      -0.5552586136
                600.0000000000                      -0.5748053670
                604.0000000000                      -0.5939890609
                608.0000000000                      -0.6127975786
                612.0000000000                      -0.6312190403
                616.0000000000                      -0.6492418104
                620.0000000000                      -0.6668545054
                624.0000000000                      -0.6840460008
                628.0000000000                      -0.7008054381
                632.0000000000                      -0.7171222317
                636.0000000000                      -0.7329860754
                640.0000000000                      -0.7483869494
                644.0000000000                      -0.7633151261
                648.0000000000                      -0.7777611766
                652.0000000000                      -0.7917159764
                656.0000000000                      -0.8051707115
                660.0000000000                      -0.8181168834
                664.0000000000                      -0.8305463152
                668.0000000000                      -0.8424511560
                672.0000000000                      -0.8538238866
                676.0000000000                      -0.8646573238
                680.0000000000                      -0.8749446248
                684.0000000000                      -0.8846792920
                688.0000000000                      -0.8938551767
                692.0000000000                      -0.9024664833
                696.0000000000                      -0.9105077728
                700.0000000000                      -0.9179739659
                704.0000000000                      -0.9248603471
                708.0000000000                      -0.9311625665
                712.0000000000                      -0.9368766437
                716.0000000000                      -0.9419989695
                720.0000000000                      -0.9465263085
                724.0000000000                      -0.9504558012
                728.0000000000                      -0.9537849656
                732.0000000000                      -0.9565116989
                736.0000000000                      -0.9586342789
                740.0000000000                      -0.9601513650
                744.0000000000                      -0.9610619988
                748.0000000000                      -0.9613656052
                752.0000000000                      -0.9610619926
                756.0000000000                      -0.9601513525
                760.0000000000                      -0.9586342604
                764.0000000000                      -0.9565116743
                768.0000000000                      -0.9537849351
                772.0000000000                      -0.9504557652
                776.0000000000                      -0.9465262674
                780.0000000000                      -0.9419989239
                784.0000000000                      -0.9368765948
                788.0000000000                      -0.9311625158
                792.0000000000                      -0.9248602969
                796.0000000000                      -0.9179739200
                800.0000000000                      -0.9105077362
                804.0000000000                      -0.9024664640
                808.0000000000                      -0.8938551860
                812.0000000000                      -0.8846793463
                816.0000000000                      -0.8749447478
                820.0000000000                      -0.8646575491
                824.0000000000                      -0.8538242618
                828.0000000000                      -0.8424517474
                832.0000000000                      -0.8305472150
                836.0000000000                      -0.8181182184
                840.0000000000                      -0.8051726545
                844.0000000000                      -0.7917187611
                848.0000000000                      -0.7777651158
                852.0000000000                      -0.7633206353
                856.0000000000                      -0.7483945753
                860.0000000000                      -0.7329965312
                864.0000000000                      -0.7171364394
                868.0000000000                      -0.7008245789
                872.0000000000                      -0.6840715744
                876.0000000000                      -0.6668883988
                880.0000000000                      -0.6492863762
                884.0000000000                      -0.6312771848
                888.0000000000                      -0.6128728592
                892.0000000000                      -0.5940857909
                896.0000000000                      -0.5749287276
                900.0000000000                      -0.5554147697
                904.0000000000                      -0.5355573631
                908.0000000000                      -0.5153702882
                912.0000000000                      -0.4948676438
                916.0000000000                      -0.4740638257
                920.0000000000                      -0.4529734984
                924.0000000000                      -0.4316115613
                928.0000000000                      -0.4099931074
                932.0000000000                      -0.3881333764
                936.0000000000                      -0.3660477017
                940.0000000000                      -0.3437514528
                944.0000000000                      -0.3212599744
                948.0000000000                      -0.2985885239
                952.0000000000                      -0.2757522094
                956.0000000000                      -0.2527659301
                960.0000000000                      -0.2296443231
                964.0000000000                      -0.2064017158
                968.0000000000                      -0.1830520905
                972.0000000000                      -0.1596090587
                976.0000000000                      -0.1360858508
                980.0000000000                      -0.1124953189
                984.0000000000                      -0.0888499552
                988.0000000000                      -0.0651619250
                992.0000000000                      -0.0414431127
                996.0000000000                      -0.0177051806
               1000.0000000000                       0.0060403637
