                  0.0000000000                       0.9252508572
                  4.0000000000                       0.9321918287
                  8.0000000000                       0.9385440083
                 12.0000000000                       0.9443033836
                 16.0000000000                       0.9494663167
                 20.0000000000                       0.9540295466
                 24.0000000000                       0.9579901910
                 28.0000000000                       0.9613457482
                 32.0000000000                       0.9640940988
                 36.0000000000                       0.9662335070
                 40.0000000000                       0.9677626213
                 44.0000000000                       0.9686804759
                 48.0000000000                       0.9689864912
                 52.0000000000                       0.9686804738
                 56.0000000000                       0.9677626170
                 60.0000000000                       0.9662335006
                 64.0000000000                       0.9640940903
                 68.0000000000                       0.9613457375
                 72.0000000000                       0.9579901782
                 76.0000000000                       0.9540295316
                 80.0000000000                       0.9494662995
                 84.0000000000                       0.9443033642
                 88.0000000000                       0.9385439865
                 92.0000000000                       0.9321918043
                 96.0000000000                       0.9252508298
                100.0000000000                       0.9177254469
                104.0000000000                       0.9096204090
                108.0000000000                       0.9009408353
                112.0000000000                       0.8916922080
                116.0000000000                       0.8818803688
                120.0000000000                       0.8715115150
                124.0000000000                       0.8605921958
                128.0000000000                       0.8491293082
                132.0000000000                       0.8371300922
                136.0000000000                       0.8246021269
                140.0000000000                       0.8115533251
                144.0000000000                       0.7979919289
                148.0000000000                       0.7839265038
                152.0000000000                       0.7693659340
                156.0000000000                       0.7543194160
                160.0000000000                       0.7387964538
                164.0000000000                       0.7228068518
                168.0000000000                       0.7063607096
                172.0000000000                       0.6894684147
                176.0000000000                       0.6721406368
                180.0000000000                       0.6543883204
                184.0000000000                       0.6362226783
                188.0000000000                       0.6176551843
                192.0000000000                       0.5986975660
                196.0000000000                       0.5793617975
                200.0000000000                       0.5596600917
                204.0000000000                       0.5396048925
                208.0000000000                       0.5192088673
                212.0000000000                       0.4984848986
                216.0000000000                       0.4774460762
                220.0000000000                       0.4561056885
                224.0000000000                       0.4344772147
                228.0000000000                       0.4125743158
                232.0000000000                       0.3904108261
                236.0000000000                       0.3680007445
                240.0000000000                       0.3453582258
                244.0000000000                       0.3224975714
                248.0000000000                       0.2994332206
                252.0000000000                       0.2761797413
                256.0000000000                       0.2527518210
                260.0000000000                       0.2291642572
                264.0000000000                       0.2054319484
                268.0000000000                       0.1815698843
                272.0000000000                       0.1575931368
                276.0000000000                       0.1335168501
                280.0000000000                       0.1093562312
                284.0000000000                       0.0851265407
                288.0000000000                       0.0608430823
                292.0000000000                       0.0365211942
                296.0000000000                       0.0121762385
                300.0000000000                      -0.0121764079
                304.0000000000                      -0.0365213635
                308.0000000000                      -0.0608432514
                312.0000000000                      -0.0851267094
                316.0000000000                      -0.1093563996
                320.0000000000                      -0.1335170179
                324.0000000000                      -0.1575933040
                328.0000000000                      -0.1815700507
                332.0000000000                      -0.2054321140
                336.0000000000                      -0.2291644219
                340.0000000000                      -0.2527519846
                344.0000000000                      -0.2761799037
                348.0000000000                      -0.2994333817
                352.0000000000                      -0.3224977312
                356.0000000000                      -0.3453583841
                360.0000000000                      -0.3680009013
                364.0000000000                      -0.3904109812
                368.0000000000                      -0.4125744691
                372.0000000000                      -0.4344773662
                376.0000000000                      -0.4561058380
                380.0000000000                      -0.4774462236
                384.0000000000                      -0.4984850439
                388.0000000000                      -0.5192090103
                392.0000000000                      -0.5396050332
                396.0000000000                      -0.5596602300
                400.0000000000                      -0.5793619333
                404.0000000000                      -0.5986976993
                408.0000000000                      -0.6176553148
                412.0000000000                      -0.6362228061
                416.0000000000                      -0.6543884453
                420.0000000000                      -0.6721407588
                424.0000000000                      -0.6894685337
                428.0000000000                      -0.7063608255
                432.0000000000                      -0.7228069647
                436.0000000000                      -0.7387965634
                440.0000000000                      -0.7543195224
                444.0000000000                      -0.7693660369
                448.0000000000                      -0.7839266034
                452.0000000000                      -0.7979920250
                456.0000000000                      -0.8115534177
                460.0000000000                      -0.8246022158
                464.0000000000                      -0.8371301775
                468.0000000000                      -0.8491293898
                472.0000000000                      -0.8605922737
                476.0000000000                      -0.8715115891
                480.0000000000                      -0.8818804390
                484.0000000000                      -0.8916922743
                488.0000000000                      -0.9009408977
                492.0000000000                      -0.9096204674
                496.0000000000                      -0.9177255013
                500.0000000000                      -0.9252508801
                504.0000000000                      -0.9321918506
                508.0000000000                      -0.9385440286
                512.0000000000                      -0.9443034021
                516.0000000000                      -0.9494663334
                520.0000000000                      -0.9540295613
                524.0000000000                      -0.9579902036
                528.0000000000                      -0.9613457588
                532.0000000000                      -0.9640941073
                536.0000000000                      -0.9662335133
                540.0000000000                      -0.9677626255
                544.0000000000                      -0.9686804780
                548.0000000000                      -0.9689864912
                552.0000000000                      -0.9686804717
                556.0000000000                      -0.9677626127
                560.0000000000                      -0.9662334942
                564.0000000000                      -0.9640940818
                568.0000000000                      -0.9613457270
                572.0000000000                      -0.9579901655
                576.0000000000                      -0.9540295169
                580.0000000000                      -0.9494662828
                584.0000000000                      -0.9443033455
                588.0000000000                      -0.9385439660
                592.0000000000                      -0.9321917822
                596.0000000000                      -0.9252508064
                600.0000000000                      -0.9177254228
                604.0000000000                      -0.9096203850
                608.0000000000                      -0.9009408127
                612.0000000000                      -0.8916921892
                616.0000000000                      -0.8818803571
                620.0000000000                      -0.8715115160
                624.0000000000                      -0.8605922180
                628.0000000000                      -0.8491293645
                632.0000000000                      -0.8371302025
                636.0000000000                      -0.8246023208
                640.0000000000                      -0.8115536469
                644.0000000000                      -0.7979924432
                648.0000000000                      -0.7839273048
                652.0000000000                      -0.7693671569
                656.0000000000                      -0.7543212531
                660.0000000000                      -0.7387991753
                664.0000000000                      -0.7228108335
                668.0000000000                      -0.7063664679
                672.0000000000                      -0.6894766519
                676.0000000000                      -0.6721522970
                680.0000000000                      -0.6544046587
                684.0000000000                      -0.6362453445
                688.0000000000                      -0.6176863226
                692.0000000000                      -0.5987399315
                696.0000000000                      -0.5794188896
                700.0000000000                      -0.5597363043
                704.0000000000                      -0.5397056784
                708.0000000000                      -0.5193409140
                712.0000000000                      -0.4986563105
                716.0000000000                      -0.4776665568
                720.0000000000                      -0.4563867143
                724.0000000000                      -0.4348321905
                728.0000000000                      -0.4130187009
                732.0000000000                      -0.3909622184
                736.0000000000                      -0.3686789106
                740.0000000000                      -0.3461850643
                744.0000000000                      -0.3234969990
                748.0000000000                      -0.3006309720
                752.0000000000                      -0.2776030778
                756.0000000000                      -0.2544291452
                760.0000000000                      -0.2311246381
                764.0000000000                      -0.2077045646
                768.0000000000                      -0.1841833987
                772.0000000000                      -0.1605750215
                776.0000000000                      -0.1368926848
                780.0000000000                      -0.1131490008
                784.0000000000                      -0.0893559612
                788.0000000000                      -0.0655249841
                792.0000000000                      -0.0416669892
                796.0000000000                      -0.0177924980
                800.0000000000                       0.0060882465
                804.0000000000                       0.0299651456
                808.0000000000                       0.0538281029
                812.0000000000                       0.0776668825
                816.0000000000                       0.1014709754
                820.0000000000                       0.1252294787
                824.0000000000                       0.1489309960
                828.0000000000                       0.1725635624
                832.0000000000                       0.1961145971
                836.0000000000                       0.2195708845
                840.0000000000                       0.2429185845
                844.0000000000                       0.2661432687
                848.0000000000                       0.2892299796
                852.0000000000                       0.3121633083
                856.0000000000                       0.3349274856
                860.0000000000                       0.3575064816
                864.0000000000                       0.3798841078
                868.0000000000                       0.4020441179
                872.0000000000                       0.4239703032
                876.0000000000                       0.4456465784
                880.0000000000                       0.4670570571
                884.0000000000                       0.4881861149
                888.0000000000                       0.5090184396
                892.0000000000                       0.5295390691
                896.0000000000                       0.5497334181
                900.0000000000                       0.5695872949
                904.0000000000                       0.5890869090
                908.0000000000                       0.6082188732
                912.0000000000                       0.6269701995
                916.0000000000                       0.6453282927
                920.0000000000                       0.6632809411
                924.0000000000                       0.6808163073
                928.0000000000                       0.6979229176
                932.0000000000                       0.7145896542
                936.0000000000                       0.7308057465
                940.0000000000                       0.7465607653
                944.0000000000                       0.7618446176
                948.0000000000                       0.7766475439
                952.0000000000                       0.7909601160
                956.0000000000                       0.8047732365
                960.0000000000                       0.8180781394
                964.0000000000                       0.8308663915
                968.0000000000                       0.8431298949
                972.0000000000                       0.8548608890
                976.0000000000                       0.8660519545
                980.0000000000                       0.8766960160
                984.0000000000                       0.8867863460
                988.0000000000                       0.8963165681
                992.0000000000                       0.9052806610
                996.0000000000                       0.9136729613
               1000.0000000000                       0.9214881676
