                  0.0000000000                       0.5326285141
                  4.0000000000                       0.5130286215
                  8.0000000000                       0.4931046891
                 12.0000000000                       0.4728693012
                 16.0000000000                       0.4523352389
                 20.0000000000                       0.4315154719
                 24.0000000000                       0.4104231505
                 28.0000000000                       0.3890715970
                 32.0000000000                       0.3674742976
                 36.0000000000                       0.3456448935
                 40.0000000000                       0.3235971726
                 44.0000000000                       0.3013450609
                 48.0000000000                       0.2789026131
                 52.0000000000                       0.2562840044
                 56.0000000000                       0.2335035213
                 60.0000000000                       0.2105755523
                 64.0000000000                       0.1875145793
                 68.0000000000                       0.1643351681
                 72.0000000000                       0.1410519592
                 76.0000000000                       0.1176796589
                 80.0000000000                       0.0942330296
                 84.0000000000                       0.0707268807
                 88.0000000000                       0.0471760592
                 92.0000000000                       0.0235954402
                 96.0000000000                      -0.0000000821
                100.0000000000                      -0.0235956044
                104.0000000000                      -0.0471762231
                108.0000000000                      -0.0707270444
                112.0000000000                      -0.0942331930
                116.0000000000                      -0.1176798218
                120.0000000000                      -0.1410521215
                124.0000000000                      -0.1643353297
                128.0000000000                      -0.1875147402
                132.0000000000                      -0.2105757123
                136.0000000000                      -0.2335036803
                140.0000000000                      -0.2562841624
                144.0000000000                      -0.2789027699
                148.0000000000                      -0.3013452164
                152.0000000000                      -0.3235973267
                156.0000000000                      -0.3456450461
                160.0000000000                      -0.3674744487
                164.0000000000                      -0.3890717465
                168.0000000000                      -0.4104232982
                172.0000000000                      -0.4315156177
                176.0000000000                      -0.4523353828
                180.0000000000                      -0.4728694430
                184.0000000000                      -0.4931048288
                188.0000000000                      -0.5130287590
                192.0000000000                      -0.5326286493
                196.0000000000                      -0.5518921198
                200.0000000000                      -0.5708070034
                204.0000000000                      -0.5893613531
                208.0000000000                      -0.6075434495
                212.0000000000                      -0.6253418084
                216.0000000000                      -0.6427451879
                220.0000000000                      -0.6597425959
                224.0000000000                      -0.6763232962
                228.0000000000                      -0.6924768162
                232.0000000000                      -0.7081929530
                236.0000000000                      -0.7234617800
                240.0000000000                      -0.7382736529
                244.0000000000                      -0.7526192163
                248.0000000000                      -0.7664894093
                252.0000000000                      -0.7798754712
                256.0000000000                      -0.7927689469
                260.0000000000                      -0.8051616927
                264.0000000000                      -0.8170458812
                268.0000000000                      -0.8284140059
                272.0000000000                      -0.8392588866
                276.0000000000                      -0.8495736733
                280.0000000000                      -0.8593518511
                284.0000000000                      -0.8685872438
                288.0000000000                      -0.8772740182
                292.0000000000                      -0.8854066875
                296.0000000000                      -0.8929801150
                300.0000000000                      -0.8999895172
                304.0000000000                      -0.9064304668
                308.0000000000                      -0.9122988956
                312.0000000000                      -0.9175910971
                316.0000000000                      -0.9223037287
                320.0000000000                      -0.9264338139
                324.0000000000                      -0.9299787443
                328.0000000000                      -0.9329362811
                332.0000000000                      -0.9353045565
                336.0000000000                      -0.9370820753
                340.0000000000                      -0.9382677154
                344.0000000000                      -0.9388607288
                348.0000000000                      -0.9388607421
                352.0000000000                      -0.9382677569
                356.0000000000                      -0.9370821499
                360.0000000000                      -0.9353046727
                364.0000000000                      -0.9329364516
                368.0000000000                      -0.9299789873
                372.0000000000                      -0.9264341537
                376.0000000000                      -0.9223041978
                380.0000000000                      -0.9175917383
                384.0000000000                      -0.9122997645
                388.0000000000                      -0.9064316350
                392.0000000000                      -0.8999910769
                396.0000000000                      -0.8929821834
                400.0000000000                      -0.8854094133
                404.0000000000                      -0.8772775887
                408.0000000000                      -0.8685918937
                412.0000000000                      -0.8593578728
                416.0000000000                      -0.8495814292
                420.0000000000                      -0.8392688233
                424.0000000000                      -0.8284266706
                428.0000000000                      -0.8170619405
                432.0000000000                      -0.8051819547
                436.0000000000                      -0.7927943849
                440.0000000000                      -0.7799072515
                444.0000000000                      -0.7665289213
                448.0000000000                      -0.7526681055
                452.0000000000                      -0.7383338571
                456.0000000000                      -0.7235355680
                460.0000000000                      -0.7082829658
                464.0000000000                      -0.6925861095
                468.0000000000                      -0.6764553849
                472.0000000000                      -0.6599014988
                476.0000000000                      -0.6429354724
                480.0000000000                      -0.6255686327
                484.0000000000                      -0.6078126041
                488.0000000000                      -0.5896792966
                492.0000000000                      -0.5711808939
                496.0000000000                      -0.5523298389
                500.0000000000                      -0.5331388182
                504.0000000000                      -0.5136207442
                508.0000000000                      -0.4937887357
                512.0000000000                      -0.4736560975
                516.0000000000                      -0.4532362975
                520.0000000000                      -0.4325429437
                524.0000000000                      -0.4115897598
                528.0000000000                      -0.3903905596
                532.0000000000                      -0.3689592228
                536.0000000000                      -0.3473096694
                540.0000000000                      -0.3254558357
                544.0000000000                      -0.3034116517
                548.0000000000                      -0.2811910190
                552.0000000000                      -0.2588077924
                556.0000000000                      -0.2362757630
                560.0000000000                      -0.2136086445
                564.0000000000                      -0.1908200630
                568.0000000000                      -0.1679235500
                572.0000000000                      -0.1449325393
                576.0000000000                      -0.1218603674
                580.0000000000                      -0.0987202777
                584.0000000000                      -0.0755254275
                588.0000000000                      -0.0522888992
                592.0000000000                      -0.0290237130
                596.0000000000                      -0.0057428425
                600.0000000000                       0.0175407684
                604.0000000000                       0.0408141871
                608.0000000000                       0.0640644744
                612.0000000000                       0.0872786660
                616.0000000000                       0.1104437559
                620.0000000000                       0.1335466807
                624.0000000000                       0.1565743062
                628.0000000000                       0.1795134174
                632.0000000000                       0.2023507104
                636.0000000000                       0.2250727890
                640.0000000000                       0.2476661635
                644.0000000000                       0.2701172546
                648.0000000000                       0.2924123995
                652.0000000000                       0.3145378628
                656.0000000000                       0.3364798500
                660.0000000000                       0.3582245238
                664.0000000000                       0.3797580233
                668.0000000000                       0.4010664854
                672.0000000000                       0.4221360677
                676.0000000000                       0.4429529726
                680.0000000000                       0.4635034721
                684.0000000000                       0.4837739328
                688.0000000000                       0.5037508411
                692.0000000000                       0.5234208274
                696.0000000000                       0.5427706893
                700.0000000000                       0.5617874142
                704.0000000000                       0.5804581997
                708.0000000000                       0.5987704733
                712.0000000000                       0.6167119094
                716.0000000000                       0.6342704457
                720.0000000000                       0.6514342967
                724.0000000000                       0.6681919666
                728.0000000000                       0.6845322595
                732.0000000000                       0.7004442895
                736.0000000000                       0.7159174878
                740.0000000000                       0.7309416099
                744.0000000000                       0.7455067410
                748.0000000000                       0.7596033010
                752.0000000000                       0.7732220479
                756.0000000000                       0.7863540817
                760.0000000000                       0.7989908467
                764.0000000000                       0.8111241343
                768.0000000000                       0.8227460847
                772.0000000000                       0.8338491891
                776.0000000000                       0.8444262912
                780.0000000000                       0.8544705890
                784.0000000000                       0.8639756362
                788.0000000000                       0.8729353441
                792.0000000000                       0.8813439828
                796.0000000000                       0.8891961826
                800.0000000000                       0.8964869361
                804.0000000000                       0.9032115993
                808.0000000000                       0.9093658930
                812.0000000000                       0.9149459046
                816.0000000000                       0.9199480894
                820.0000000000                       0.9243692714
                824.0000000000                       0.9282066455
                828.0000000000                       0.9314577777
                832.0000000000                       0.9341206067
                836.0000000000                       0.9361934445
                840.0000000000                       0.9376749770
                844.0000000000                       0.9385642649
                848.0000000000                       0.9388607437
                852.0000000000                       0.9385642239
                856.0000000000                       0.9376748914
                860.0000000000                       0.9361933067
                864.0000000000                       0.9341204045
                868.0000000000                       0.9314574937
                872.0000000000                       0.9282062556
                876.0000000000                       0.9243687434
                880.0000000000                       0.9199473807
                884.0000000000                       0.9149449599
                888.0000000000                       0.9093646407
                892.0000000000                       0.9032099474
                896.0000000000                       0.8964847675
                900.0000000000                       0.8891933487
                904.0000000000                       0.8813402964
                908.0000000000                       0.8729305706
                912.0000000000                       0.8639694832
                916.0000000000                       0.8544626942
                920.0000000000                       0.8444162082
                924.0000000000                       0.8338363708
                928.0000000000                       0.8227298645
                932.0000000000                       0.8111037043
                936.0000000000                       0.7989652336
                940.0000000000                       0.7863221193
                944.0000000000                       0.7731823471
                948.0000000000                       0.7595542163
                952.0000000000                       0.7454463348
                956.0000000000                       0.7308676134
                960.0000000000                       0.7158272603
                964.0000000000                       0.7003347753
                968.0000000000                       0.6843999438
                972.0000000000                       0.6680328307
                976.0000000000                       0.6512437737
                980.0000000000                       0.6340433771
                984.0000000000                       0.6164425051
                988.0000000000                       0.5984522748
                992.0000000000                       0.5800840492
                996.0000000000                       0.5613494300
               1000.0000000000                       0.5422602505
