                  0.0000000000                      -0.5885837141
                  4.0000000000                      -0.6082272500
                  8.0000000000                      -0.6274866165
                 12.0000000000                      -0.6463496489
                 16.0000000000                      -0.6648044331
                 20.0000000000                      -0.6828393125
                 24.0000000000                      -0.7004428959
                 28.0000000000                      -0.7176040645
                 32.0000000000                      -0.7343119791
                 36.0000000000                      -0.7505560864
                 40.0000000000                      -0.7663261263
                 44.0000000000                      -0.7816121383
                 48.0000000000                      -0.7964044672
                 52.0000000000                      -0.8106937700
                 56.0000000000                      -0.8244710212
                 60.0000000000                      -0.8377275187
                 64.0000000000                      -0.8504548896
                 68.0000000000                      -0.8626450950
                 72.0000000000                      -0.8742904351
                 76.0000000000                      -0.8853835547
                 80.0000000000                      -0.8959174470
                 84.0000000000                      -0.9058854586
                 88.0000000000                      -0.9152812935
                 92.0000000000                      -0.9240990171
                 96.0000000000                      -0.9323330599
                100.0000000000                      -0.9399782212
                104.0000000000                      -0.9470296720
                108.0000000000                      -0.9534829585
                112.0000000000                      -0.9593340047
                116.0000000000                      -0.9645791150
                120.0000000000                      -0.9692149764
                124.0000000000                      -0.9732386608
                128.0000000000                      -0.9766476268
                132.0000000000                      -0.9794397212
                136.0000000000                      -0.9816131804
                140.0000000000                      -0.9831666317
                144.0000000000                      -0.9840990938
                148.0000000000                      -0.9844099778
                152.0000000000                      -0.9840990873
                156.0000000000                      -0.9831666187
                160.0000000000                      -0.9816131610
                164.0000000000                      -0.9794396953
                168.0000000000                      -0.9766475944
                172.0000000000                      -0.9732386220
                176.0000000000                      -0.9692149312
                180.0000000000                      -0.9645790634
                184.0000000000                      -0.9593339468
                188.0000000000                      -0.9534828943
                192.0000000000                      -0.9470296015
                196.0000000000                      -0.9399781445
                200.0000000000                      -0.9323329771
                204.0000000000                      -0.9240989281
                208.0000000000                      -0.9152811985
                212.0000000000                      -0.9058853576
                216.0000000000                      -0.8959173400
                220.0000000000                      -0.8853834419
                224.0000000000                      -0.8742903165
                228.0000000000                      -0.8626449706
                232.0000000000                      -0.8504547596
                236.0000000000                      -0.8377273832
                240.0000000000                      -0.8244708801
                244.0000000000                      -0.8106936237
                248.0000000000                      -0.7964043158
                252.0000000000                      -0.7816119820
                256.0000000000                      -0.7663259658
                260.0000000000                      -0.7505559227
                264.0000000000                      -0.7343118142
                268.0000000000                      -0.7176039025
                272.0000000000                      -0.7004427443
                276.0000000000                      -0.6828391856
                280.0000000000                      -0.6648043574
                284.0000000000                      -0.6463496723
                288.0000000000                      -0.6274868234
                292.0000000000                      -0.6082277866
                296.0000000000                      -0.5885848274
                300.0000000000                      -0.5685705139
                304.0000000000                      -0.5481977393
                308.0000000000                      -0.5274797536
                312.0000000000                      -0.5064302090
                316.0000000000                      -0.4850632186
                320.0000000000                      -0.4633934286
                324.0000000000                      -0.4414361017
                328.0000000000                      -0.4192072055
                332.0000000000                      -0.3967234985
                336.0000000000                      -0.3740025985
                340.0000000000                      -0.3510630183
                344.0000000000                      -0.3279241504
                348.0000000000                      -0.3046061789
                352.0000000000                      -0.2811299054
                356.0000000000                      -0.2575164762
                360.0000000000                      -0.2337870114
                364.0000000000                      -0.2099621498
                368.0000000000                      -0.1860615346
                372.0000000000                      -0.1621032837
                376.0000000000                      -0.1381034955
                380.0000000000                      -0.1140758491
                384.0000000000                      -0.0900313546
                388.0000000000                      -0.0659782984
                392.0000000000                      -0.0419224113
                396.0000000000                      -0.0178672611
                400.0000000000                       0.0061851539
                404.0000000000                       0.0302336623
                408.0000000000                       0.0542770948
                412.0000000000                       0.0783134609
                416.0000000000                       0.1023392050
                420.0000000000                       0.1263486134
                424.0000000000                       0.1503334220
                428.0000000000                       0.1742826477
                432.0000000000                       0.1981826433
                436.0000000000                       0.2220173473
                440.0000000000                       0.2457686835
                444.0000000000                       0.2694170548
                448.0000000000                       0.2929418741
                452.0000000000                       0.3163220768
                456.0000000000                       0.3395365776
                460.0000000000                       0.3625646401
                464.0000000000                       0.3853861502
                468.0000000000                       0.4079817901
                472.0000000000                       0.4303331259
                476.0000000000                       0.4524226235
                480.0000000000                       0.4742336127
                484.0000000000                       0.4957502179
                488.0000000000                       0.5169572735
                492.0000000000                       0.5378402341
                496.0000000000                       0.5583850919
                500.0000000000                       0.5785783041
                504.0000000000                       0.5984067339
                508.0000000000                       0.6178576059
                512.0000000000                       0.6369184730
                516.0000000000                       0.6555771949
                520.0000000000                       0.6738219248
                524.0000000000                       0.6916411021
                528.0000000000                       0.7090234503
                532.0000000000                       0.7259579784
                536.0000000000                       0.7424339833
                540.0000000000                       0.7584410549
                544.0000000000                       0.7739690807
                548.0000000000                       0.7890082520
                552.0000000000                       0.8035490692
                556.0000000000                       0.8175823478
                560.0000000000                       0.8310992239
                564.0000000000                       0.8440911599
                568.0000000000                       0.8565499499
                572.0000000000                       0.8684677246
                576.0000000000                       0.8798369563
                580.0000000000                       0.8906504642
                584.0000000000                       0.9009014181
                588.0000000000                       0.9105833434
                592.0000000000                       0.9196901246
                596.0000000000                       0.9282160099
                600.0000000000                       0.9361556139
                604.0000000000                       0.9435039220
                608.0000000000                       0.9502562928
                612.0000000000                       0.9564084613
                616.0000000000                       0.9619565416
                620.0000000000                       0.9668970296
                624.0000000000                       0.9712268046
                628.0000000000                       0.9749431320
                632.0000000000                       0.9780436643
                636.0000000000                       0.9805264432
                640.0000000000                       0.9823899006
                644.0000000000                       0.9836328595
                648.0000000000                       0.9842545347
                652.0000000000                       0.9842545336
                656.0000000000                       0.9836328562
                660.0000000000                       0.9823898952
                664.0000000000                       0.9805264357
                668.0000000000                       0.9780436546
                672.0000000000                       0.9749431201
                676.0000000000                       0.9712267906
                680.0000000000                       0.9668970135
                684.0000000000                       0.9619565234
                688.0000000000                       0.9564084409
                692.0000000000                       0.9502562703
                696.0000000000                       0.9435038975
                700.0000000000                       0.9361555874
                704.0000000000                       0.9282159812
                708.0000000000                       0.9196900940
                712.0000000000                       0.9105833107
                716.0000000000                       0.9009013835
                720.0000000000                       0.8906504276
                724.0000000000                       0.8798369178
                728.0000000000                       0.8684676840
                732.0000000000                       0.8565499075
                736.0000000000                       0.8440911157
                740.0000000000                       0.8310991777
                744.0000000000                       0.8175822997
                748.0000000000                       0.8035490192
                752.0000000000                       0.7890081998
                756.0000000000                       0.7739690260
                760.0000000000                       0.7584409966
                764.0000000000                       0.7424339197
                768.0000000000                       0.7259579056
                772.0000000000                       0.7090233608
                776.0000000000                       0.6916409817
                780.0000000000                       0.6738217473
                784.0000000000                       0.6555769126
                788.0000000000                       0.6369180015
                792.0000000000                       0.6178567993
                796.0000000000                       0.5984053454
                800.0000000000                       0.5785759259
                804.0000000000                       0.5583810654
                808.0000000000                       0.5378335195
                812.0000000000                       0.5169462663
                816.0000000000                       0.4957324988
                820.0000000000                       0.4742056160
                824.0000000000                       0.4523792148
                828.0000000000                       0.4302670811
                832.0000000000                       0.4078831815
                836.0000000000                       0.3852416541
                840.0000000000                       0.3623567999
                844.0000000000                       0.3392430733
                848.0000000000                       0.3159150735
                852.0000000000                       0.2923875349
                856.0000000000                       0.2686753181
                860.0000000000                       0.2447934002
                864.0000000000                       0.2207568656
                868.0000000000                       0.1965808961
                872.0000000000                       0.1722807620
                876.0000000000                       0.1478718116
                880.0000000000                       0.1233694622
                884.0000000000                       0.0987891900
                888.0000000000                       0.0741465204
                892.0000000000                       0.0494570183
                896.0000000000                       0.0247362781
                900.0000000000                      -0.0000000861
                904.0000000000                      -0.0247364502
                908.0000000000                      -0.0494571902
                912.0000000000                      -0.0741466921
                916.0000000000                      -0.0987893612
                920.0000000000                      -0.1233696329
                924.0000000000                      -0.1478719817
                928.0000000000                      -0.1722809314
                932.0000000000                      -0.1965810648
                936.0000000000                      -0.2207570333
                940.0000000000                      -0.2447935669
                944.0000000000                      -0.2686754837
                948.0000000000                      -0.2923876993
                952.0000000000                      -0.3159152365
                956.0000000000                      -0.3392432348
                960.0000000000                      -0.3623569599
                964.0000000000                      -0.3852418125
                968.0000000000                      -0.4078833381
                972.0000000000                      -0.4302672359
                976.0000000000                      -0.4523793676
                980.0000000000                      -0.4742057668
                984.0000000000                      -0.4957326475
                988.0000000000                      -0.5169464128
                992.0000000000                      -0.5378336636
                996.0000000000                      -0.5583812072
               1000.0000000000                      -0.5785760651
