                  0.0000000000                       0.0000000000
                  4.0000000000                       0.0251300961
                  8.0000000000                       0.0502443196
                 12.0000000000                       0.0753268076
                 16.0000000000                       0.1003617176
                 20.0000000000                       0.1253332370
                 24.0000000000                       0.1502255933
                 28.0000000000                       0.1750230638
                 32.0000000000                       0.1997099860
                 36.0000000000                       0.2242707671
                 40.0000000000                       0.2486898939
                 44.0000000000                       0.2729519429
                 48.0000000000                       0.2970415896
                 52.0000000000                       0.3209436184
                 56.0000000000                       0.3446429324
                 60.0000000000                       0.3681245624
                 64.0000000000                       0.3913736771
                 68.0000000000                       0.4143755918
                 72.0000000000                       0.4371157780
                 76.0000000000                       0.4595798724
                 80.0000000000                       0.4817536864
                 84.0000000000                       0.5036232143
                 88.0000000000                       0.5251746431
                 92.0000000000                       0.5463943602
                 96.0000000000                       0.5672689629
                100.0000000000                       0.5877852664
                104.0000000000                       0.6079303121
                108.0000000000                       0.6276913760
                112.0000000000                       0.6470559765
                116.0000000000                       0.6660118826
                120.0000000000                       0.6845471212
                124.0000000000                       0.7026499852
                128.0000000000                       0.7203090404
                132.0000000000                       0.7375131329
                136.0000000000                       0.7542513963
                140.0000000000                       0.7705132584
                144.0000000000                       0.7862884477
                148.0000000000                       0.8015670003
                152.0000000000                       0.8163392661
                156.0000000000                       0.8305959144
                160.0000000000                       0.8443279405
                164.0000000000                       0.8575266709
                168.0000000000                       0.8701837691
                172.0000000000                       0.8822912406
                176.0000000000                       0.8938414379
                180.0000000000                       0.9048270659
                184.0000000000                       0.9152411856
                188.0000000000                       0.9250772193
                192.0000000000                       0.9343289544
                196.0000000000                       0.9429905473
                200.0000000000                       0.9510565271
                204.0000000000                       0.9585217992
                208.0000000000                       0.9653816483
                212.0000000000                       0.9716317417
                216.0000000000                       0.9772681316
                220.0000000000                       0.9822872579
                224.0000000000                       0.9866859506
                228.0000000000                       0.9904614312
                232.0000000000                       0.9936113151
                236.0000000000                       0.9961336128
                240.0000000000                       0.9980267311
                244.0000000000                       0.9992894742
                248.0000000000                       0.9999210447
                252.0000000000                       0.9999210437
                256.0000000000                       0.9992894710
                260.0000000000                       0.9980267256
                264.0000000000                       0.9961336051
                268.0000000000                       0.9936113052
                272.0000000000                       0.9904614191
                276.0000000000                       0.9866859364
                280.0000000000                       0.9822872416
                284.0000000000                       0.9772681130
                288.0000000000                       0.9716317210
                292.0000000000                       0.9653816255
                296.0000000000                       0.9585217743
                300.0000000000                       0.9510565001
                304.0000000000                       0.9429905182
                308.0000000000                       0.9343289233
                312.0000000000                       0.9250771861
                316.0000000000                       0.9152411504
                320.0000000000                       0.9048270286
                324.0000000000                       0.8938413988
                328.0000000000                       0.8822911994
                332.0000000000                       0.8701837261
                336.0000000000                       0.8575266260
                340.0000000000                       0.8443278936
                344.0000000000                       0.8305958657
                348.0000000000                       0.8163392156
                352.0000000000                       0.8015669481
                356.0000000000                       0.7862883937
                360.0000000000                       0.7705132027
                364.0000000000                       0.7542513389
                368.0000000000                       0.7375130739
                372.0000000000                       0.7203089798
                376.0000000000                       0.7026499230
                380.0000000000                       0.6845470575
                384.0000000000                       0.6660118174
                388.0000000000                       0.6470559098
                392.0000000000                       0.6276913079
                396.0000000000                       0.6079302427
                400.0000000000                       0.5877851957
                404.0000000000                       0.5672688910
                408.0000000000                       0.5463942870
                412.0000000000                       0.5251745687
                416.0000000000                       0.5036231388
                420.0000000000                       0.4817536098
                424.0000000000                       0.4595797948
                428.0000000000                       0.4371156993
                432.0000000000                       0.4143755122
                436.0000000000                       0.3913735967
                440.0000000000                       0.3681244812
                444.0000000000                       0.3446428503
                448.0000000000                       0.3209435356
                452.0000000000                       0.2970415061
                456.0000000000                       0.2729518588
                460.0000000000                       0.2486898093
                464.0000000000                       0.2242706819
                468.0000000000                       0.1997099003
                472.0000000000                       0.1750229777
                476.0000000000                       0.1502255068
                480.0000000000                       0.1253331503
                484.0000000000                       0.1003616307
                488.0000000000                       0.0753267204
                492.0000000000                       0.0502442323
                496.0000000000                       0.0251300087
                500.0000000000                      -0.0000000874
                504.0000000000                      -0.0251301835
                508.0000000000                      -0.0502444069
                512.0000000000                      -0.0753268948
                516.0000000000                      -0.1003618046
                520.0000000000                      -0.1253333238
                524.0000000000                      -0.1502256797
                528.0000000000                      -0.1750231499
                532.0000000000                      -0.1997100717
                536.0000000000                      -0.2242708523
                540.0000000000                      -0.2486899786
                544.0000000000                      -0.2729520270
                548.0000000000                      -0.2970416731
                552.0000000000                      -0.3209437012
                556.0000000000                      -0.3446430144
                560.0000000000                      -0.3681246437
                564.0000000000                      -0.3913737576
                568.0000000000                      -0.4143756714
                572.0000000000                      -0.4371158566
                576.0000000000                      -0.4595799501
                580.0000000000                      -0.4817537630
                584.0000000000                      -0.5036232899
                588.0000000000                      -0.5251747175
                592.0000000000                      -0.5463944334
                596.0000000000                      -0.5672690349
                600.0000000000                      -0.5877853372
                604.0000000000                      -0.6079303815
                608.0000000000                      -0.6276914440
                612.0000000000                      -0.6470560432
                616.0000000000                      -0.6660119478
                620.0000000000                      -0.6845471850
                624.0000000000                      -0.7026500474
                628.0000000000                      -0.7203091011
                632.0000000000                      -0.7375131920
                636.0000000000                      -0.7542514537
                640.0000000000                      -0.7705133141
                644.0000000000                      -0.7862885017
                648.0000000000                      -0.8015670526
                652.0000000000                      -0.8163393166
                656.0000000000                      -0.8305959631
                660.0000000000                      -0.8443279873
                664.0000000000                      -0.8575267159
                668.0000000000                      -0.8701838122
                672.0000000000                      -0.8822912817
                676.0000000000                      -0.8938414771
                680.0000000000                      -0.9048271031
                684.0000000000                      -0.9152412208
                688.0000000000                      -0.9250772525
                692.0000000000                      -0.9343289856
                696.0000000000                      -0.9429905764
                700.0000000000                      -0.9510565541
                704.0000000000                      -0.9585218241
                708.0000000000                      -0.9653816711
                712.0000000000                      -0.9716317624
                716.0000000000                      -0.9772681501
                720.0000000000                      -0.9822872743
                724.0000000000                      -0.9866859648
                728.0000000000                      -0.9904614432
                732.0000000000                      -0.9936113250
                736.0000000000                      -0.9961336204
                740.0000000000                      -0.9980267366
                744.0000000000                      -0.9992894775
                748.0000000000                      -0.9999210458
                752.0000000000                      -0.9999210426
                756.0000000000                      -0.9992894677
                760.0000000000                      -0.9980267201
                764.0000000000                      -0.9961335974
                768.0000000000                      -0.9936112954
                772.0000000000                      -0.9904614071
                776.0000000000                      -0.9866859221
                780.0000000000                      -0.9822872252
                784.0000000000                      -0.9772680945
                788.0000000000                      -0.9716317003
                792.0000000000                      -0.9653816027
                796.0000000000                      -0.9585217493
                800.0000000000                      -0.9510564731
                804.0000000000                      -0.9429904891
                808.0000000000                      -0.9343288921
                812.0000000000                      -0.9250771529
                816.0000000000                      -0.9152411151
                820.0000000000                      -0.9048269914
                824.0000000000                      -0.8938413596
                828.0000000000                      -0.8822911583
                832.0000000000                      -0.8701836830
                836.0000000000                      -0.8575265810
                840.0000000000                      -0.8443278468
                844.0000000000                      -0.8305958170
                848.0000000000                      -0.8163391651
                852.0000000000                      -0.8015668958
                856.0000000000                      -0.7862883397
                860.0000000000                      -0.7705131469
                864.0000000000                      -0.7542512815
                868.0000000000                      -0.7375130149
                872.0000000000                      -0.7203089191
                876.0000000000                      -0.7026498608
                880.0000000000                      -0.6845469938
                884.0000000000                      -0.6660117521
                888.0000000000                      -0.6470558432
                892.0000000000                      -0.6276912399
                896.0000000000                      -0.6079301733
                900.0000000000                      -0.5877851250
                904.0000000000                      -0.5672688190
                908.0000000000                      -0.5463942138
                912.0000000000                      -0.5251744943
                916.0000000000                      -0.5036230633
                920.0000000000                      -0.4817535331
                924.0000000000                      -0.4595797171
                928.0000000000                      -0.4371156207
                932.0000000000                      -0.4143754327
                936.0000000000                      -0.3913735162
                940.0000000000                      -0.3681243999
                944.0000000000                      -0.3446427682
                948.0000000000                      -0.3209434528
                952.0000000000                      -0.2970414226
                956.0000000000                      -0.2729517747
                960.0000000000                      -0.2486897246
                964.0000000000                      -0.2242705967
                968.0000000000                      -0.1997098147
                972.0000000000                      -0.1750228916
                976.0000000000                      -0.1502254204
                980.0000000000                      -0.1253330636
                984.0000000000                      -0.1003615437
                988.0000000000                      -0.0753266333
                992.0000000000                      -0.0502441450
                996.0000000000                      -0.0251299214
               1000.0000000000                       0.0000001748
