                  0.0000000000                      -0.8995000504
                  4.0000000000                      -0.8912380562
                  8.0000000000                      -0.8824131874
                 12.0000000000                      -0.8730310356
                 16.0000000000                      -0.8630975502
                 20.0000000000                      -0.8526190358
                 24.0000000000                      -0.8416021504
                 28.0000000000                      -0.8300539029
                 32.0000000000                      -0.8179816520
                 36.0000000000                      -0.8053931042
                 40.0000000000                      -0.7922963126
                 44.0000000000                      -0.7786996760
                 48.0000000000                      -0.7646119383
                 52.0000000000                      -0.7500421881
                 56.0000000000                      -0.7349998586
                 60.0000000000                      -0.7194947274
                 64.0000000000                      -0.7035369172
                 68.0000000000                      -0.6871368952
                 72.0000000000                      -0.6703054727
                 76.0000000000                      -0.6530538048
                 80.0000000000                      -0.6353933879
                 84.0000000000                      -0.6173360567
                 88.0000000000                      -0.5988939797
                 92.0000000000                      -0.5800796520
                 96.0000000000                      -0.5609058863
                100.0000000000                      -0.5413858006
                104.0000000000                      -0.5215328025
                108.0000000000                      -0.5013605704
                112.0000000000                      -0.4808830306
                116.0000000000                      -0.4601143306
                120.0000000000                      -0.4390688087
                124.0000000000                      -0.4177609592
                128.0000000000                      -0.3962053958
                132.0000000000                      -0.3744168108
                136.0000000000                      -0.3524099337
                140.0000000000                      -0.3301994876
                144.0000000000                      -0.3078001471
                148.0000000000                      -0.2852264964
                152.0000000000                      -0.2624929906
                156.0000000000                      -0.2396139211
                160.0000000000                      -0.2166033856
                164.0000000000                      -0.1934752653
                168.0000000000                      -0.1702432086
                172.0000000000                      -0.1469206235
                176.0000000000                      -0.1235206783
                180.0000000000                      -0.1000563109
                184.0000000000                      -0.0765402472
                188.0000000000                      -0.0529850261
                192.0000000000                      -0.0294030334
                196.0000000000                      -0.0058065400
                200.0000000000                       0.0177922550
                204.0000000000                       0.0413811780
                208.0000000000                       0.0649480346
                212.0000000000                       0.0884805634
                216.0000000000                       0.1119663933
                220.0000000000                       0.1353930040
                224.0000000000                       0.1587476938
                228.0000000000                       0.1820175533
                232.0000000000                       0.2051894475
                236.0000000000                       0.2282500063
                240.0000000000                       0.2511856241
                244.0000000000                       0.2739824669
                248.0000000000                       0.2966264891
                252.0000000000                       0.3191034556
                256.0000000000                       0.3413989725
                260.0000000000                       0.3634985212
                264.0000000000                       0.3853874972
                268.0000000000                       0.4070512516
                272.0000000000                       0.4284751341
                276.0000000000                       0.4496445353
                280.0000000000                       0.4705449292
                284.0000000000                       0.4911619128
                288.0000000000                       0.5114812439
                292.0000000000                       0.5314888749
                296.0000000000                       0.5511709835
                300.0000000000                       0.5705139991
                304.0000000000                       0.5895046259
                308.0000000000                       0.6081298618
                312.0000000000                       0.6263770134
                316.0000000000                       0.6442337088
                320.0000000000                       0.6616879061
                324.0000000000                       0.6787279009
                328.0000000000                       0.6953423305
                332.0000000000                       0.7115201770
                336.0000000000                       0.7272507692
                340.0000000000                       0.7425237834
                344.0000000000                       0.7573292438
                348.0000000000                       0.7716575222
                352.0000000000                       0.7854993380
                356.0000000000                       0.7988457578
                360.0000000000                       0.8116881959
                364.0000000000                       0.8240184141
                368.0000000000                       0.8358285223
                372.0000000000                       0.8471109798
                376.0000000000                       0.8578585958
                380.0000000000                       0.8680645313
                384.0000000000                       0.8777223006
                388.0000000000                       0.8868257732
                392.0000000000                       0.8953691757
                396.0000000000                       0.9033470942
                400.0000000000                       0.9107544762
                404.0000000000                       0.9175866332
                408.0000000000                       0.9238392422
                412.0000000000                       0.9295083486
                416.0000000000                       0.9345903675
                420.0000000000                       0.9390820861
                424.0000000000                       0.9429806653
                428.0000000000                       0.9462836411
                432.0000000000                       0.9489889263
                436.0000000000                       0.9510948113
                440.0000000000                       0.9525999655
                444.0000000000                       0.9535034380
                448.0000000000                       0.9538046577
                452.0000000000                       0.9535034342
                456.0000000000                       0.9525999578
                460.0000000000                       0.9510947989
                464.0000000000                       0.9489889082
                468.0000000000                       0.9462836158
                472.0000000000                       0.9429806304
                476.0000000000                       0.9390820382
                480.0000000000                       0.9345903017
                484.0000000000                       0.9295082579
                488.0000000000                       0.9238391167
                492.0000000000                       0.9175864589
                496.0000000000                       0.9107542338
                500.0000000000                       0.9033467567
                504.0000000000                       0.8953687065
                508.0000000000                       0.8868251221
                512.0000000000                       0.8777214000
                516.0000000000                       0.8680632902
                520.0000000000                       0.8578568930
                524.0000000000                       0.8471086549
                528.0000000000                       0.8358253649
                532.0000000000                       0.8240141496
                536.0000000000                       0.8116824693
                540.0000000000                       0.7988381129
                544.0000000000                       0.7854891932
                548.0000000000                       0.7716441416
                552.0000000000                       0.7573117031
                556.0000000000                       0.7425009302
                560.0000000000                       0.7272211778
                564.0000000000                       0.7114820969
                568.0000000000                       0.6952936286
                572.0000000000                       0.6786659979
                576.0000000000                       0.6616097072
                580.0000000000                       0.6441355297
                584.0000000000                       0.6262545023
                588.0000000000                       0.6079779191
                592.0000000000                       0.5893173240
                596.0000000000                       0.5702845034
                600.0000000000                       0.5508914789
                604.0000000000                       0.5311504995
                608.0000000000                       0.5110740341
                612.0000000000                       0.4906747633
                616.0000000000                       0.4699655718
                620.0000000000                       0.4489595399
                624.0000000000                       0.4276699356
                628.0000000000                       0.4061102058
                632.0000000000                       0.3842939680
                636.0000000000                       0.3622350019
                640.0000000000                       0.3399472405
                644.0000000000                       0.3174447610
                648.0000000000                       0.2947417766
                652.0000000000                       0.2718526270
                656.0000000000                       0.2487917694
                660.0000000000                       0.2255737696
                664.0000000000                       0.2022132926
                668.0000000000                       0.1787250933
                672.0000000000                       0.1551240074
                676.0000000000                       0.1314249418
                680.0000000000                       0.1076428655
                684.0000000000                       0.0837927996
                688.0000000000                       0.0598898083
                692.0000000000                       0.0359489894
                696.0000000000                       0.0119854643
                700.0000000000                      -0.0119856311
                704.0000000000                      -0.0359491560
                708.0000000000                      -0.0598899748
                712.0000000000                      -0.0837929657
                716.0000000000                      -0.1076430312
                720.0000000000                      -0.1314251070
                724.0000000000                      -0.1551241719
                728.0000000000                      -0.1787252571
                732.0000000000                      -0.2022134556
                736.0000000000                      -0.2255739316
                740.0000000000                      -0.2487919304
                744.0000000000                      -0.2718527868
                748.0000000000                      -0.2947419352
                752.0000000000                      -0.3174449183
                756.0000000000                      -0.3399473963
                760.0000000000                      -0.3622351562
                764.0000000000                      -0.3842941207
                768.0000000000                      -0.4061103567
                772.0000000000                      -0.4276700847
                776.0000000000                      -0.4489596871
                780.0000000000                      -0.4699657169
                784.0000000000                      -0.4906749063
                788.0000000000                      -0.5110741749
                792.0000000000                      -0.5311506380
                796.0000000000                      -0.5508916150
                800.0000000000                      -0.5702846371
                804.0000000000                      -0.5893174551
                808.0000000000                      -0.6079780476
                812.0000000000                      -0.6262546281
                816.0000000000                      -0.6441356527
                820.0000000000                      -0.6616098274
                824.0000000000                      -0.6786661151
                828.0000000000                      -0.6952937427
                832.0000000000                      -0.7114822079
                836.0000000000                      -0.7272212857
                840.0000000000                      -0.7425010349
                844.0000000000                      -0.7573118044
                848.0000000000                      -0.7716442396
                852.0000000000                      -0.7854892878
                856.0000000000                      -0.7988382040
                860.0000000000                      -0.8116825568
                864.0000000000                      -0.8240142336
                868.0000000000                      -0.8358254452
                872.0000000000                      -0.8471087316
                876.0000000000                      -0.8578569659
                880.0000000000                      -0.8680633593
                884.0000000000                      -0.8777214653
                888.0000000000                      -0.8868251835
                892.0000000000                      -0.8953687639
                896.0000000000                      -0.9033468102
                900.0000000000                      -0.9107542833
                904.0000000000                      -0.9175865044
                908.0000000000                      -0.9238391581
                912.0000000000                      -0.9295082953
                916.0000000000                      -0.9345903350
                920.0000000000                      -0.9390820674
                924.0000000000                      -0.9429806555
                928.0000000000                      -0.9462836367
                932.0000000000                      -0.9489889249
                936.0000000000                      -0.9510948114
                940.0000000000                      -0.9525999660
                944.0000000000                      -0.9535034382
                948.0000000000                      -0.9538046574
                952.0000000000                      -0.9535034333
                956.0000000000                      -0.9525999564
                960.0000000000                      -0.9510947976
                964.0000000000                      -0.9489889078
                968.0000000000                      -0.9462836177
                972.0000000000                      -0.9429806365
                976.0000000000                      -0.9390820514
                980.0000000000                      -0.9345903262
                984.0000000000                      -0.9295082997
                988.0000000000                      -0.9238391843
                992.0000000000                      -0.9175865643
                996.0000000000                      -0.9107543936
               1000.0000000000                      -0.9033469942
